DataSet: SEAFD_A - Accuracy
Instance, DDBasic,DDSubSpace,     ARF
  1000.0,   73.40,   83.50,   79.50
  2000.0,   74.50,   85.20,   83.40
  3000.0,   75.00,   83.70,   86.00
  4000.0,   74.70,   83.70,   85.90
  5000.0,   75.60,   83.10,   85.10
  6000.0,   78.90,   83.70,   85.70
  7000.0,   80.90,   84.30,   86.20
  8000.0,   81.30,   85.00,   87.20
  9000.0,   82.00,   84.00,   86.70
 10000.0,   82.80,   84.60,   86.30
 11000.0,   80.70,   82.30,   85.10
 12000.0,   82.50,   84.60,   88.40
 13000.0,   81.20,   83.00,   85.30
 14000.0,   82.50,   86.50,   90.00
 15000.0,   80.40,   86.00,   88.10
 16000.0,   82.20,   85.70,   88.20
 17000.0,   83.80,   85.70,   89.20
 18000.0,   79.70,   83.80,   87.20
 19000.0,   82.80,   84.50,   87.70
 20000.0,   81.10,   84.70,   86.70
 21000.0,   82.70,   85.50,   88.00
 22000.0,   82.00,   83.50,   86.50
 23000.0,   84.70,   85.90,   88.60
 24000.0,   83.50,   84.50,   86.90
 25000.0,   81.70,   83.90,   86.90
 26000.0,   65.20,   76.20,   72.20
 27000.0,   51.00,   79.80,   85.70
 28000.0,   48.10,   80.10,   89.00
 29000.0,   49.20,   78.20,   86.20
 30000.0,   51.10,   79.50,   86.50
 31000.0,   53.70,   77.10,   85.50
 32000.0,   55.00,   79.60,   87.20
 33000.0,   52.90,   82.00,   87.50
 34000.0,   52.50,   79.00,   85.20
 35000.0,   53.30,   79.90,   85.60
 36000.0,   56.00,   82.90,   88.20
 37000.0,   52.80,   86.40,   88.30
 38000.0,   53.60,   84.30,   87.10
 39000.0,   54.70,   84.50,   86.10
 40000.0,   54.00,   80.80,   87.60
 41000.0,   53.50,   80.70,   86.50
 42000.0,   56.70,   86.40,   88.70
 43000.0,   59.10,   86.90,   88.30
 44000.0,   58.20,   83.20,   87.90
 45000.0,   57.70,   83.10,   86.50
 46000.0,   60.40,   79.50,   86.20
 47000.0,   58.60,   80.80,   87.00
 48000.0,   59.60,   82.70,   88.50
 49000.0,   62.70,   81.50,   86.30
 50000.0,   60.40,   84.60,   88.10
 51000.0,   53.70,   71.30,   72.10
 52000.0,   59.50,   82.90,   86.00
 53000.0,   54.40,   88.00,   87.00
 54000.0,   59.00,   84.80,   83.90
 55000.0,   53.90,   86.00,   86.60
 56000.0,   57.90,   84.30,   84.50
 57000.0,   61.00,   81.00,   84.80
 58000.0,   57.20,   78.60,   88.00
 59000.0,   57.90,   77.50,   84.90
 60000.0,   59.60,   78.70,   86.50
 61000.0,   62.80,   79.60,   86.70
 62000.0,   61.60,   78.80,   87.10
 63000.0,   61.00,   76.30,   86.40
 64000.0,   59.00,   79.10,   85.70
 65000.0,   62.10,   78.90,   88.50
 66000.0,   62.90,   77.30,   86.50
 67000.0,   61.50,   78.70,   87.10
 68000.0,   63.50,   78.90,   86.70
 69000.0,   63.30,   78.90,   87.10
 70000.0,   59.30,   77.30,   87.20
 71000.0,   60.80,   80.60,   89.10
 72000.0,   59.90,   79.40,   87.90
 73000.0,   60.50,   78.40,   88.10
 74000.0,   61.20,   77.60,   85.80
 75000.0,   60.60,   77.50,   88.10
 76000.0,   58.90,   65.70,   67.50
 77000.0,   56.90,   70.20,   84.40
 78000.0,   63.50,   73.10,   86.70
 79000.0,   65.90,   76.70,   86.70
 80000.0,   66.80,   75.70,   88.00
 81000.0,   66.80,   76.20,   87.90
 82000.0,   64.40,   74.50,   85.40
 83000.0,   68.50,   74.60,   84.90
 84000.0,   67.80,   73.70,   85.30
 85000.0,   67.60,   75.70,   86.50
 86000.0,   68.60,   78.20,   88.50
 87000.0,   68.80,   76.20,   88.10
 88000.0,   73.00,   76.30,   87.80
 89000.0,   69.60,   77.80,   87.30
 90000.0,   75.10,   75.70,   86.60
 91000.0,   72.00,   76.40,   87.20
 92000.0,   74.10,   77.00,   88.80
 93000.0,   72.80,   76.10,   86.50
 94000.0,   71.20,   75.50,   86.10
 95000.0,   74.50,   76.50,   88.70
 96000.0,   72.00,   74.00,   84.20
 97000.0,   71.60,   79.70,   89.40
 98000.0,   73.60,   77.30,   87.20
 99000.0,   74.80,   79.50,   89.00
100000.0,   71.70,   80.60,   86.50
DataSet: SEAFD_A - Kappa M
Instances, DDBasic,DDSubSpace,     ARF
  1000.0,   38.28,   61.72,   52.44
  2000.0,   48.38,   70.04,   66.40
  3000.0,   47.15,   65.54,   70.40
  4000.0,   49.60,   67.53,   71.91
  5000.0,   50.51,   65.72,   69.78
  6000.0,   57.29,   67.00,   71.05
  7000.0,   59.87,   67.02,   71.01
  8000.0,   62.45,   69.88,   74.30
  9000.0,   64.14,   68.13,   73.51
 10000.0,   65.53,   69.14,   72.55
 11000.0,   61.09,   64.31,   69.96
 12000.0,   64.07,   68.38,   76.18
 13000.0,   61.87,   65.52,   70.18
 14000.0,   65.00,   73.00,   80.00
 15000.0,   60.40,   71.72,   75.96
 16000.0,   64.19,   71.23,   76.26
 17000.0,   67.66,   71.46,   78.44
 18000.0,   59.64,   67.79,   74.55
 19000.0,   64.32,   67.84,   74.48
 20000.0,   61.11,   68.52,   72.63
 21000.0,   65.61,   71.17,   76.14
 22000.0,   63.49,   66.53,   72.62
 23000.0,   68.19,   70.69,   76.30
 24000.0,   66.46,   68.50,   73.37
 25000.0,   62.19,   66.74,   72.93
 26000.0,   31.36,   53.06,   45.17
 27000.0,   -1.66,   58.09,   70.33
 28000.0,   -3.80,   60.20,   78.00
 29000.0,   -4.74,   55.05,   71.55
 30000.0,   -0.82,   57.73,   72.16
 31000.0,    6.84,   53.92,   70.82
 32000.0,    6.64,   57.68,   73.44
 33000.0,    2.89,   62.89,   74.23
 34000.0,    5.57,   58.25,   70.58
 35000.0,    2.91,   58.21,   70.06
 36000.0,    9.28,   64.74,   75.67
 37000.0,    3.87,   72.30,   76.17
 38000.0,    5.50,   68.02,   73.73
 39000.0,    7.93,   68.50,   71.75
 40000.0,    6.31,   60.90,   74.75
 41000.0,    8.28,   61.93,   73.37
 42000.0,   11.99,   72.36,   77.03
 43000.0,   17.54,   73.59,   76.41
 44000.0,   14.69,   65.71,   75.31
 45000.0,   14.72,   65.93,   72.78
 46000.0,   20.80,   59.00,   72.40
 47000.0,   16.87,   61.45,   73.90
 48000.0,   18.22,   64.98,   76.72
 49000.0,   25.40,   63.00,   72.60
 50000.0,   20.16,   68.95,   76.01
 51000.0,    3.14,   39.96,   41.63
 52000.0,   18.18,   65.45,   71.72
 53000.0,    4.20,   74.79,   72.69
 54000.0,   15.46,   68.66,   66.80
 55000.0,    6.49,   71.60,   72.82
 56000.0,   11.92,   67.15,   67.57
 57000.0,   19.75,   60.91,   68.72
 58000.0,   14.23,   57.11,   75.95
 59000.0,   13.55,   53.80,   68.99
 60000.0,   19.52,   57.57,   73.11
 61000.0,   23.46,   58.02,   72.63
 62000.0,   22.11,   57.00,   73.83
 63000.0,   18.58,   50.52,   71.61
 64000.0,   16.67,   57.52,   70.93
 65000.0,   22.65,   56.94,   76.53
 66000.0,   23.98,   53.48,   72.34
 67000.0,   20.94,   56.26,   73.51
 68000.0,   27.00,   57.80,   73.40
 69000.0,   24.33,   56.49,   73.40
 70000.0,   16.08,   53.20,   73.61
 71000.0,   20.49,   60.65,   77.89
 72000.0,   16.63,   57.17,   74.84
 73000.0,   21.16,   56.89,   76.25
 74000.0,   19.17,   53.33,   70.42
 75000.0,   22.44,   55.71,   76.57
 76000.0,   15.08,   29.13,   32.85
 77000.0,    9.45,   37.39,   67.23
 78000.0,   25.96,   45.44,   73.02
 79000.0,   30.55,   52.55,   72.91
 80000.0,   33.06,   51.01,   75.81
 81000.0,   32.66,   51.72,   75.46
 82000.0,   27.94,   48.38,   70.45
 83000.0,   36.75,   49.00,   69.68
 84000.0,   33.06,   45.32,   69.44
 85000.0,   32.78,   49.59,   71.99
 86000.0,   38.55,   57.34,   77.50
 87000.0,   36.46,   51.53,   75.76
 88000.0,   44.44,   51.23,   74.90
 89000.0,   37.70,   54.51,   73.98
 90000.0,   49.49,   50.71,   72.82
 91000.0,   43.43,   52.32,   74.14
 92000.0,   46.38,   52.38,   76.81
 93000.0,   43.57,   50.41,   71.99
 94000.0,   42.40,   51.00,   72.20
 95000.0,   47.64,   51.75,   76.80
 96000.0,   42.97,   47.05,   67.82
 97000.0,   42.74,   59.07,   78.63
 98000.0,   46.12,   53.67,   73.88
 99000.0,   48.78,   58.33,   77.64
100000.0,   43.85,   61.51,   73.21
DataSet: SEAFD_A - Kappa T
Instances, DDBasic,DDSubSpace,     ARF
  1000.0,   68.18,   80.26,   75.48
  2000.0,   68.67,   81.82,   79.61
  3000.0,   70.66,   80.87,   83.57
  4000.0,   69.30,   80.22,   82.89
  5000.0,   70.32,   79.44,   81.87
  6000.0,   73.56,   79.57,   82.08
  7000.0,   76.48,   80.67,   83.00
  8000.0,   76.97,   81.53,   84.24
  9000.0,   77.78,   80.25,   83.58
 10000.0,   78.45,   80.70,   82.83
 11000.0,   75.45,   77.48,   81.04
 12000.0,   79.07,   81.58,   86.12
 13000.0,   76.20,   78.48,   81.39
 14000.0,   79.27,   84.00,   88.15
 15000.0,   76.33,   83.09,   85.63
 16000.0,   78.55,   82.77,   85.78
 17000.0,   80.53,   82.81,   87.02
 18000.0,   75.27,   80.27,   84.41
 19000.0,   78.79,   80.89,   84.83
 20000.0,   76.58,   81.04,   83.52
 21000.0,   78.88,   82.30,   85.35
 22000.0,   77.56,   79.43,   83.17
 23000.0,   81.57,   83.01,   86.27
 24000.0,   79.32,   80.58,   83.58
 25000.0,   77.66,   80.34,   84.00
 26000.0,   56.93,   70.54,   65.59
 27000.0,   40.46,   75.46,   82.62
 28000.0,   38.14,   76.28,   86.89
 29000.0,   37.44,   73.15,   83.00
 30000.0,   41.08,   75.30,   83.73
 31000.0,   41.39,   71.01,   81.65
 32000.0,   45.32,   75.21,   84.45
 33000.0,   42.14,   77.89,   84.64
 34000.0,   41.14,   73.98,   81.66
 35000.0,   42.06,   75.06,   82.13
 36000.0,   48.11,   79.83,   86.08
 37000.0,   43.00,   83.57,   85.87
 38000.0,   43.14,   80.76,   84.19
 39000.0,   43.38,   80.62,   82.62
 40000.0,   43.90,   76.59,   84.88
 41000.0,   43.15,   76.41,   83.50
 42000.0,   48.70,   83.89,   86.61
 43000.0,   49.88,   83.95,   85.66
 44000.0,   48.40,   79.26,   85.06
 45000.0,   47.26,   78.93,   83.17
 46000.0,   50.13,   74.18,   82.62
 47000.0,   50.36,   76.98,   84.41
 48000.0,   50.85,   78.95,   86.01
 49000.0,   53.84,   77.10,   83.04
 50000.0,   51.23,   81.03,   85.34
 51000.0,   42.77,   64.52,   65.51
 52000.0,   51.96,   79.72,   83.39
 53000.0,   45.84,   85.75,   84.56
 54000.0,   48.43,   80.88,   79.75
 55000.0,   43.50,   82.84,   83.58
 56000.0,   47.24,   80.33,   80.58
 57000.0,   50.76,   76.01,   80.81
 58000.0,   47.55,   73.77,   85.29
 59000.0,   46.57,   71.45,   80.84
 60000.0,   49.88,   73.57,   83.25
 61000.0,   54.07,   74.81,   83.58
 62000.0,   53.96,   74.58,   84.53
 63000.0,   51.79,   70.70,   83.19
 64000.0,   47.50,   73.24,   81.69
 65000.0,   54.67,   74.76,   86.24
 66000.0,   54.53,   72.18,   83.46
 67000.0,   52.99,   73.99,   84.25
 68000.0,   54.55,   73.72,   83.44
 69000.0,   54.58,   73.89,   84.03
 70000.0,   50.85,   72.58,   84.54
 71000.0,   53.55,   77.01,   87.09
 72000.0,   51.92,   75.30,   85.49
 73000.0,   52.98,   74.29,   85.83
 74000.0,   51.38,   71.93,   82.21
 75000.0,   52.36,   72.79,   85.61
 76000.0,   50.95,   59.07,   61.22
 77000.0,   46.92,   63.30,   80.79
 78000.0,   56.34,   67.82,   84.09
 79000.0,   57.80,   71.16,   83.54
 80000.0,   59.51,   70.37,   85.37
 81000.0,   60.10,   71.39,   85.46
 82000.0,   56.53,   68.86,   82.17
 83000.0,   60.58,   68.21,   81.10
 84000.0,   60.44,   67.69,   81.94
 85000.0,   59.80,   69.85,   83.25
 86000.0,   62.53,   73.99,   86.28
 87000.0,   62.14,   71.12,   85.56
 88000.0,   67.47,   71.45,   85.30
 89000.0,   63.46,   73.32,   84.74
 90000.0,   70.29,   71.00,   84.01
 91000.0,   65.60,   71.01,   84.28
 92000.0,   68.87,   72.36,   86.54
 93000.0,   66.83,   70.85,   83.54
 94000.0,   63.73,   69.14,   82.49
 95000.0,   69.50,   71.89,   86.48
 96000.0,   64.74,   67.25,   80.10
 97000.0,   66.19,   75.83,   87.38
 98000.0,   67.84,   72.35,   84.41
 99000.0,   69.89,   75.51,   86.86
100000.0,   65.06,   76.05,   83.33
DataSet: SEAFD_G - Accuracy
Instance, DDBasic,DDSubSpace,     ARF
  1000.0,   73.40,   83.50,   79.50
  2000.0,   74.50,   85.20,   83.40
  3000.0,   75.00,   85.80,   86.00
  4000.0,   74.70,   86.80,   85.90
  5000.0,   75.60,   87.70,   85.10
  6000.0,   78.90,   86.90,   85.70
  7000.0,   80.90,   87.60,   86.20
  8000.0,   81.30,   87.90,   87.20
  9000.0,   82.00,   87.90,   86.70
 10000.0,   82.80,   88.10,   86.30
 11000.0,   80.70,   87.10,   85.10
 12000.0,   82.50,   89.60,   88.40
 13000.0,   81.20,   87.60,   85.30
 14000.0,   82.50,   90.90,   90.00
 15000.0,   80.40,   89.80,   88.10
 16000.0,   82.10,   89.30,   88.10
 17000.0,   83.70,   90.50,   89.20
 18000.0,   79.80,   88.70,   86.70
 19000.0,   82.70,   88.30,   86.60
 20000.0,   80.90,   87.50,   87.20
 21000.0,   80.70,   88.90,   87.10
 22000.0,   82.00,   86.20,   84.80
 23000.0,   82.60,   86.00,   83.40
 24000.0,   79.60,   86.00,   82.20
 25000.0,   74.00,   83.80,   77.90
 26000.0,   74.10,   85.00,   84.00
 27000.0,   54.90,   85.60,   83.20
 28000.0,   55.40,   87.10,   87.40
 29000.0,   51.40,   85.60,   85.00
 30000.0,   59.50,   87.20,   86.50
 31000.0,   73.80,   84.10,   85.70
 32000.0,   71.80,   81.10,   86.20
 33000.0,   73.60,   76.90,   86.40
 34000.0,   75.50,   77.80,   85.50
 35000.0,   75.40,   84.70,   86.30
 36000.0,   77.00,   88.50,   88.60
 37000.0,   75.10,   87.10,   88.20
 38000.0,   72.10,   86.70,   86.10
 39000.0,   72.00,   87.80,   85.30
 40000.0,   73.80,   88.90,   86.20
 41000.0,   72.80,   88.40,   86.90
 42000.0,   74.00,   89.60,   88.30
 43000.0,   74.10,   88.80,   87.70
 44000.0,   74.80,   88.70,   88.10
 45000.0,   71.30,   87.20,   85.90
 46000.0,   73.00,   86.20,   86.50
 47000.0,   73.00,   86.40,   86.70
 48000.0,   73.10,   86.80,   87.20
 49000.0,   69.40,   80.80,   83.90
 50000.0,   70.20,   79.80,   84.10
 51000.0,   68.70,   79.30,   84.40
 52000.0,   67.40,   80.40,   82.90
 53000.0,   66.40,   84.20,   83.90
 54000.0,   65.80,   82.50,   83.40
 55000.0,   56.70,   82.60,   85.10
 56000.0,   49.20,   81.00,   83.10
 57000.0,   48.50,   81.50,   82.00
 58000.0,   49.10,   82.30,   86.30
 59000.0,   53.10,   81.80,   85.70
 60000.0,   68.80,   82.40,   85.60
 61000.0,   68.50,   83.60,   85.40
 62000.0,   67.20,   84.50,   87.90
 63000.0,   68.10,   83.50,   86.40
 64000.0,   67.70,   82.00,   86.30
 65000.0,   69.60,   84.20,   88.10
 66000.0,   68.40,   83.20,   86.70
 67000.0,   69.00,   83.20,   86.80
 68000.0,   68.20,   82.10,   86.00
 69000.0,   69.60,   83.70,   86.60
 70000.0,   72.80,   82.80,   86.60
 71000.0,   71.00,   83.60,   87.80
 72000.0,   72.90,   83.00,   87.20
 73000.0,   72.30,   82.00,   84.60
 74000.0,   71.80,   81.50,   80.20
 75000.0,   66.50,   80.40,   77.80
 76000.0,   67.90,   82.40,   80.90
 77000.0,   64.80,   83.10,   80.70
 78000.0,   65.80,   83.70,   84.10
 79000.0,   64.30,   85.60,   86.40
 80000.0,   63.20,   86.30,   86.80
 81000.0,   64.90,   87.00,   88.20
 82000.0,   64.30,   83.80,   85.10
 83000.0,   63.80,   83.80,   84.80
 84000.0,   65.10,   85.60,   83.70
 85000.0,   66.90,   86.40,   87.90
 86000.0,   69.40,   88.10,   88.00
 87000.0,   69.10,   87.20,   88.60
 88000.0,   70.40,   86.90,   88.10
 89000.0,   67.00,   87.60,   88.00
 90000.0,   69.00,   87.20,   87.60
 91000.0,   68.00,   87.00,   88.30
 92000.0,   69.00,   87.90,   88.10
 93000.0,   67.70,   85.30,   86.30
 94000.0,   68.60,   84.00,   86.00
 95000.0,   70.50,   87.10,   89.00
 96000.0,   65.80,   84.60,   86.20
 97000.0,   71.60,   88.70,   89.70
 98000.0,   70.70,   87.20,   88.00
 99000.0,   72.90,   88.00,   89.40
100000.0,   70.40,   86.40,   87.00
DataSet: SEAFD_G - Kappa M
Instances, DDBasic,DDSubSpace,     ARF
  1000.0,   38.28,   61.72,   52.44
  2000.0,   48.38,   70.04,   66.40
  3000.0,   47.15,   69.98,   70.40
  4000.0,   49.60,   73.71,   71.91
  5000.0,   50.51,   75.05,   69.78
  6000.0,   57.29,   73.48,   71.05
  7000.0,   59.87,   73.95,   71.01
  8000.0,   62.45,   75.70,   74.30
  9000.0,   64.14,   75.90,   73.51
 10000.0,   65.53,   76.15,   72.55
 11000.0,   61.09,   73.99,   69.96
 12000.0,   64.07,   78.64,   76.18
 13000.0,   61.87,   74.85,   70.18
 14000.0,   65.00,   81.80,   80.00
 15000.0,   60.40,   79.39,   75.96
 16000.0,   63.91,   78.43,   76.01
 17000.0,   67.59,   81.11,   78.53
 18000.0,   59.68,   77.45,   73.45
 19000.0,   63.73,   75.47,   71.91
 20000.0,   60.04,   73.85,   73.22
 21000.0,   61.17,   77.67,   74.04
 22000.0,   62.96,   71.60,   68.72
 23000.0,   62.66,   69.96,   64.38
 24000.0,   58.28,   71.37,   63.60
 25000.0,   46.28,   66.53,   54.34
 26000.0,   46.60,   69.07,   67.01
 27000.0,    5.25,   69.75,   64.71
 28000.0,   11.33,   74.35,   74.95
 29000.0,   -0.41,   70.25,   69.01
 30000.0,   17.52,   73.93,   72.51
 31000.0,   47.28,   68.01,   71.23
 32000.0,   39.22,   59.27,   70.26
 33000.0,   44.54,   51.47,   71.43
 34000.0,   50.80,   55.42,   70.88
 35000.0,   47.77,   67.52,   70.91
 36000.0,   52.28,   76.14,   76.35
 37000.0,   49.29,   73.73,   75.97
 38000.0,   43.18,   72.91,   71.69
 39000.0,   43.32,   75.30,   70.24
 40000.0,   46.53,   77.35,   71.84
 41000.0,   46.35,   77.12,   74.16
 42000.0,   44.68,   77.87,   75.11
 43000.0,   47.89,   77.46,   75.25
 44000.0,   47.93,   76.65,   75.41
 45000.0,   42.25,   74.25,   71.63
 46000.0,   45.89,   72.34,   72.95
 47000.0,   42.18,   70.88,   71.52
 48000.0,   42.52,   71.79,   72.65
 49000.0,   36.51,   60.17,   66.60
 50000.0,   38.93,   58.61,   67.42
 51000.0,   36.90,   58.27,   68.55
 52000.0,   34.41,   60.56,   65.59
 53000.0,   29.85,   67.01,   66.39
 54000.0,   29.05,   63.69,   65.56
 55000.0,   11.27,   64.34,   69.47
 56000.0,   -8.32,   59.49,   63.97
 57000.0,   -5.32,   62.17,   63.19
 58000.0,   -1.80,   64.60,   72.60
 59000.0,    0.21,   61.28,   69.57
 60000.0,   32.90,   62.15,   69.03
 61000.0,   35.32,   66.32,   70.02
 62000.0,   33.20,   68.43,   75.36
 63000.0,   33.95,   65.84,   71.84
 64000.0,   34.22,   63.34,   72.10
 65000.0,   37.58,   67.56,   75.56
 66000.0,   31.00,   63.32,   70.96
 67000.0,   34.04,   64.26,   71.91
 68000.0,   35.76,   63.84,   71.72
 69000.0,   37.45,   66.46,   72.43
 70000.0,   43.33,   64.17,   72.08
 71000.0,   40.45,   66.32,   74.95
 72000.0,   44.24,   65.02,   73.66
 73000.0,   43.93,   63.56,   68.83
 74000.0,   40.51,   60.97,   58.23
 75000.0,   31.07,   59.67,   54.32
 76000.0,   37.06,   65.49,   62.55
 77000.0,   28.16,   65.51,   60.61
 78000.0,   25.33,   64.41,   65.28
 79000.0,   26.09,   70.19,   71.84
 80000.0,   26.40,   72.60,   73.60
 81000.0,   27.48,   73.14,   75.62
 82000.0,   27.29,   67.01,   69.65
 83000.0,   26.57,   67.14,   69.17
 84000.0,   27.14,   69.94,   65.97
 85000.0,   31.47,   71.84,   74.95
 86000.0,   39.64,   76.53,   76.33
 87000.0,   36.81,   73.82,   76.69
 88000.0,   39.59,   73.27,   75.71
 89000.0,   32.38,   74.59,   75.41
 90000.0,   36.99,   73.98,   74.80
 91000.0,   35.61,   73.84,   76.46
 92000.0,   36.08,   75.05,   75.46
 93000.0,   32.43,   69.25,   71.34
 94000.0,   37.20,   68.00,   72.00
 95000.0,   39.92,   73.73,   77.60
 96000.0,   30.35,   68.64,   71.89
 97000.0,   42.28,   77.03,   79.07
 98000.0,   39.96,   73.77,   75.41
 99000.0,   45.36,   75.81,   78.63
100000.0,   41.15,   72.96,   74.16
DataSet: SEAFD_G - Kappa T
Instances, DDBasic,DDSubSpace,     ARF
  1000.0,   68.18,   80.26,   75.48
  2000.0,   68.67,   81.82,   79.61
  3000.0,   70.66,   83.33,   83.57
  4000.0,   69.30,   83.98,   82.89
  5000.0,   70.32,   85.04,   81.87
  6000.0,   73.56,   83.58,   82.08
  7000.0,   76.48,   84.73,   83.00
  8000.0,   76.97,   85.10,   84.24
  9000.0,   77.78,   85.06,   83.58
 10000.0,   78.45,   85.09,   82.83
 11000.0,   75.45,   83.59,   81.04
 12000.0,   79.07,   87.56,   86.12
 13000.0,   76.20,   84.30,   81.39
 14000.0,   79.27,   89.22,   88.15
 15000.0,   76.33,   87.68,   85.63
 16000.0,   78.43,   87.11,   85.66
 17000.0,   80.41,   88.58,   87.02
 18000.0,   75.37,   86.22,   83.78
 19000.0,   78.48,   85.45,   83.33
 20000.0,   76.39,   84.55,   84.18
 21000.0,   75.87,   86.12,   83.88
 22000.0,   76.68,   82.12,   80.31
 23000.0,   77.08,   81.55,   78.13
 24000.0,   71.06,   80.14,   74.75
 25000.0,   59.12,   74.53,   65.25
 26000.0,   62.02,   78.01,   76.54
 27000.0,   35.75,   79.49,   76.07
 28000.0,   44.11,   83.83,   84.21
 29000.0,   36.88,   81.30,   80.52
 30000.0,   50.06,   84.22,   83.35
 31000.0,   66.71,   79.80,   81.83
 32000.0,   65.44,   76.84,   83.09
 33000.0,   67.49,   71.55,   83.25
 34000.0,   69.64,   72.49,   82.03
 35000.0,   69.52,   81.04,   83.02
 36000.0,   72.88,   86.44,   86.56
 37000.0,   69.78,   84.34,   85.68
 38000.0,   65.89,   83.74,   83.01
 39000.0,   65.00,   84.75,   81.62
 40000.0,   68.13,   86.50,   83.21
 41000.0,   66.79,   85.84,   84.00
 42000.0,   69.19,   87.68,   86.14
 43000.0,   68.06,   86.19,   84.83
 44000.0,   68.81,   86.01,   85.27
 45000.0,   64.04,   83.96,   82.33
 46000.0,   65.43,   82.33,   82.71
 47000.0,   66.38,   83.06,   83.44
 48000.0,   64.37,   82.52,   83.05
 49000.0,   54.46,   71.43,   76.04
 50000.0,   54.01,   68.83,   75.46
 51000.0,   55.29,   70.43,   77.71
 52000.0,   53.50,   72.04,   75.61
 53000.0,   56.53,   79.56,   79.17
 54000.0,   54.76,   76.85,   78.04
 55000.0,   46.74,   78.60,   81.67
 56000.0,   35.61,   75.92,   78.58
 57000.0,   34.97,   76.64,   77.27
 58000.0,   37.55,   78.28,   83.19
 59000.0,   40.33,   76.84,   81.81
 60000.0,   61.15,   78.08,   82.07
 61000.0,   61.11,   79.75,   81.98
 62000.0,   60.72,   81.44,   85.51
 63000.0,   60.47,   79.55,   83.15
 64000.0,   58.80,   77.04,   82.53
 65000.0,   63.72,   81.15,   85.80
 66000.0,   61.42,   79.49,   83.76
 67000.0,   61.68,   79.23,   83.68
 68000.0,   60.35,   77.68,   82.54
 69000.0,   62.28,   79.78,   83.37
 70000.0,   66.91,   79.08,   83.70
 71000.0,   65.06,   80.24,   85.30
 72000.0,   66.58,   79.04,   84.22
 73000.0,   64.40,   76.86,   80.21
 74000.0,   59.19,   73.23,   71.35
 75000.0,   50.00,   70.75,   66.87
 76000.0,   50.77,   73.01,   70.71
 77000.0,   48.91,   75.47,   71.99
 78000.0,   54.82,   78.47,   79.00
 79000.0,   54.92,   81.82,   82.83
 80000.0,   54.11,   82.92,   83.54
 81000.0,   57.76,   84.36,   85.80
 82000.0,   56.03,   80.05,   81.65
 83000.0,   54.92,   79.83,   81.07
 84000.0,   56.91,   82.22,   79.88
 85000.0,   59.19,   83.23,   85.08
 86000.0,   63.13,   85.66,   85.54
 87000.0,   62.50,   84.47,   86.17
 88000.0,   64.25,   84.18,   85.63
 89000.0,   60.71,   85.24,   85.71
 90000.0,   62.92,   84.69,   85.17
 91000.0,   60.78,   84.07,   85.66
 92000.0,   62.74,   85.46,   85.70
 93000.0,   60.61,   82.07,   83.29
 94000.0,   60.45,   79.85,   82.37
 95000.0,   64.71,   84.57,   86.84
 96000.0,   56.60,   80.46,   82.49
 97000.0,   66.43,   86.64,   87.83
 98000.0,   64.00,   84.28,   85.26
 99000.0,   67.89,   85.78,   87.44
100000.0,   63.46,   83.21,   83.95
DataSet: SEA_A - Accuracy
Instance, DDBasic,DDSubSpace,     ARF
  1000.0,   70.90,   84.40,   84.60
  2000.0,   68.90,   86.40,   87.90
  3000.0,   75.30,   88.60,   89.20
  4000.0,   75.20,   86.80,   88.20
  5000.0,   81.00,   87.10,   88.90
  6000.0,   79.90,   86.30,   88.10
  7000.0,   81.70,   88.60,   89.80
  8000.0,   81.30,   88.70,   89.90
  9000.0,   82.40,   87.90,   88.90
 10000.0,   81.50,   87.10,   88.20
 11000.0,   80.20,   86.90,   87.70
 12000.0,   81.50,   89.00,   89.00
 13000.0,   81.10,   88.40,   89.00
 14000.0,   82.70,   89.40,   90.50
 15000.0,   83.40,   90.00,   90.80
 16000.0,   83.60,   89.00,   89.80
 17000.0,   85.50,   90.40,   91.00
 18000.0,   84.00,   89.40,   90.20
 19000.0,   84.60,   89.50,   90.50
 20000.0,   84.40,   89.40,   89.80
 21000.0,   81.30,   86.50,   88.10
 22000.0,   81.30,   85.80,   86.90
 23000.0,   83.50,   88.80,   89.40
 24000.0,   83.20,   88.00,   88.80
 25000.0,   84.60,   89.10,   89.90
 26000.0,   82.40,   83.30,   83.00
 27000.0,   81.10,   83.20,   83.50
 28000.0,   81.80,   83.60,   85.60
 29000.0,   80.60,   83.20,   86.40
 30000.0,   83.90,   86.50,   89.10
 31000.0,   84.90,   86.50,   89.00
 32000.0,   84.50,   86.70,   87.90
 33000.0,   82.20,   86.50,   87.00
 34000.0,   84.30,   87.40,   89.10
 35000.0,   83.10,   87.00,   88.30
 36000.0,   82.80,   88.10,   89.00
 37000.0,   85.10,   89.20,   89.80
 38000.0,   83.50,   88.80,   89.40
 39000.0,   83.30,   88.40,   89.00
 40000.0,   84.80,   89.90,   89.60
 41000.0,   81.60,   86.00,   87.20
 42000.0,   84.00,   88.80,   89.00
 43000.0,   82.40,   88.40,   89.60
 44000.0,   86.40,   90.20,   91.30
 45000.0,   85.10,   89.10,   89.90
 46000.0,   84.10,   86.60,   87.90
 47000.0,   84.30,   87.90,   88.70
 48000.0,   84.20,   89.60,   89.80
 49000.0,   82.50,   87.10,   87.90
 50000.0,   84.70,   88.50,   89.40
 51000.0,   81.70,   83.10,   82.70
 52000.0,   81.70,   82.50,   83.00
 53000.0,   81.00,   81.30,   84.70
 54000.0,   83.40,   82.50,   87.80
 55000.0,   82.40,   82.60,   88.10
 56000.0,   81.60,   82.30,   88.70
 57000.0,   81.60,   81.60,   90.80
 58000.0,   82.70,   84.20,   89.50
 59000.0,   82.10,   83.70,   89.30
 60000.0,   82.10,   83.00,   88.10
 61000.0,   83.00,   85.80,   88.70
 62000.0,   83.00,   85.70,   88.50
 63000.0,   83.90,   84.60,   88.40
 64000.0,   82.90,   85.40,   89.90
 65000.0,   85.10,   84.20,   89.70
 66000.0,   84.60,   85.70,   90.20
 67000.0,   82.60,   83.20,   88.10
 68000.0,   83.20,   80.80,   89.10
 69000.0,   84.40,   83.00,   88.30
 70000.0,   82.70,   84.50,   88.50
 71000.0,   84.00,   84.30,   88.20
 72000.0,   86.00,   87.10,   90.20
 73000.0,   82.30,   84.90,   88.10
 74000.0,   83.90,   86.50,   88.50
 75000.0,   84.50,   86.80,   88.90
 76000.0,   79.00,   76.60,   78.40
 77000.0,   79.80,   80.50,   87.80
 78000.0,   80.50,   80.00,   88.90
 79000.0,   81.00,   82.80,   88.90
 80000.0,   80.50,   83.50,   86.70
 81000.0,   80.60,   82.30,   87.90
 82000.0,   82.40,   84.00,   88.70
 83000.0,   83.10,   85.40,   89.30
 84000.0,   79.30,   83.20,   88.00
 85000.0,   82.70,   83.90,   89.10
 86000.0,   82.40,   85.10,   89.00
 87000.0,   81.50,   84.40,   88.40
 88000.0,   82.10,   85.80,   88.90
 89000.0,   82.90,   85.70,   89.50
 90000.0,   83.90,   88.10,   90.50
 91000.0,   82.30,   86.40,   89.30
 92000.0,   83.20,   86.50,   88.70
 93000.0,   83.50,   86.70,   88.70
 94000.0,   83.70,   87.10,   89.00
 95000.0,   84.00,   85.20,   88.70
 96000.0,   82.50,   85.60,   88.90
 97000.0,   83.80,   86.50,   89.80
 98000.0,   82.80,   86.90,   88.80
 99000.0,   84.90,   87.70,   90.00
100000.0,   82.90,   86.70,   89.40
DataSet: SEA_A - Kappa M
Instances, DDBasic,DDSubSpace,     ARF
  1000.0,   39.75,   67.70,   68.12
  2000.0,   36.79,   72.36,   75.41
  3000.0,   50.10,   76.97,   78.18
  4000.0,   49.80,   73.28,   76.11
  5000.0,   60.91,   73.46,   77.16
  6000.0,   59.56,   72.43,   76.06
  7000.0,   62.35,   76.54,   79.01
  8000.0,   62.45,   77.31,   79.72
  9000.0,   63.26,   74.74,   76.83
 10000.0,   62.63,   73.94,   76.16
 11000.0,   59.01,   72.88,   74.53
 12000.0,   63.65,   78.39,   78.39
 13000.0,   61.51,   76.37,   77.60
 14000.0,   64.84,   78.46,   80.69
 15000.0,   65.70,   79.34,   80.99
 16000.0,   67.20,   78.00,   79.60
 17000.0,   70.23,   80.29,   81.52
 18000.0,   66.80,   78.01,   79.67
 19000.0,   69.14,   78.96,   80.96
 20000.0,   67.43,   77.87,   78.71
 21000.0,   62.82,   73.16,   76.34
 22000.0,   62.37,   71.43,   73.64
 23000.0,   66.73,   77.42,   78.63
 24000.0,   65.36,   75.26,   76.91
 25000.0,   69.20,   78.20,   79.80
 26000.0,   63.10,   64.99,   64.36
 27000.0,   61.59,   65.85,   66.46
 28000.0,   62.70,   66.39,   70.49
 29000.0,   59.50,   64.93,   71.61
 30000.0,   67.99,   73.16,   78.33
 31000.0,   69.37,   72.62,   77.69
 32000.0,   68.17,   72.69,   75.15
 33000.0,   63.60,   72.39,   73.42
 34000.0,   67.96,   74.29,   77.76
 35000.0,   65.86,   73.74,   76.36
 36000.0,   64.75,   75.61,   77.46
 37000.0,   70.14,   78.36,   79.56
 38000.0,   66.40,   77.19,   78.41
 39000.0,   65.50,   76.03,   77.27
 40000.0,   69.54,   79.76,   79.16
 41000.0,   61.98,   71.07,   73.55
 42000.0,   67.55,   77.28,   77.69
 43000.0,   64.23,   76.42,   78.86
 44000.0,   72.36,   80.08,   82.32
 45000.0,   70.08,   78.11,   79.72
 46000.0,   68.14,   73.15,   75.75
 47000.0,   67.96,   75.31,   76.94
 48000.0,   68.71,   79.41,   79.80
 49000.0,   64.29,   73.67,   75.31
 50000.0,   68.97,   76.67,   78.50
 51000.0,   62.65,   65.51,   64.69
 52000.0,   62.03,   63.69,   64.73
 53000.0,   62.30,   62.90,   69.64
 54000.0,   65.27,   63.39,   74.48
 55000.0,   64.66,   65.06,   76.10
 56000.0,   62.37,   63.80,   76.89
 57000.0,   62.90,   62.90,   81.45
 58000.0,   64.55,   67.62,   78.48
 59000.0,   63.47,   66.73,   78.16
 60000.0,   63.24,   65.09,   75.56
 61000.0,   65.52,   71.20,   77.08
 62000.0,   65.59,   71.05,   76.72
 63000.0,   66.11,   67.58,   75.58
 64000.0,   65.45,   70.51,   79.60
 65000.0,   69.40,   67.56,   78.85
 66000.0,   67.71,   70.02,   79.45
 67000.0,   63.98,   65.22,   75.36
 68000.0,   66.06,   61.21,   77.98
 69000.0,   68.03,   65.16,   76.02
 70000.0,   64.55,   68.24,   76.43
 71000.0,   67.15,   67.76,   75.77
 72000.0,   71.94,   74.15,   80.36
 73000.0,   64.02,   69.31,   75.81
 74000.0,   67.08,   72.39,   76.48
 75000.0,   68.37,   73.06,   77.35
 76000.0,   56.61,   51.65,   55.37
 77000.0,   59.36,   60.76,   75.45
 78000.0,   59.96,   58.93,   77.21
 79000.0,   60.91,   64.61,   77.16
 80000.0,   60.61,   66.67,   73.13
 81000.0,   59.92,   63.43,   75.00
 82000.0,   64.52,   67.74,   77.22
 83000.0,   65.23,   69.96,   77.98
 84000.0,   56.96,   65.07,   75.05
 85000.0,   64.62,   67.08,   77.71
 86000.0,   63.93,   69.47,   77.46
 87000.0,   62.55,   68.42,   76.52
 88000.0,   63.54,   71.08,   77.39
 89000.0,   64.89,   70.64,   78.44
 90000.0,   67.67,   76.10,   80.92
 91000.0,   64.39,   72.64,   78.47
 92000.0,   66.20,   72.84,   77.26
 93000.0,   66.53,   73.02,   77.08
 94000.0,   66.39,   73.40,   77.32
 95000.0,   66.74,   69.23,   76.51
 96000.0,   65.55,   71.65,   78.15
 97000.0,   67.14,   72.62,   79.31
 98000.0,   65.11,   73.43,   77.28
 99000.0,   69.25,   74.95,   79.63
100000.0,   64.67,   72.52,   78.10
DataSet: SEA_A - Kappa T
Instances, DDBasic,DDSubSpace,     ARF
  1000.0,   64.68,   81.07,   81.31
  2000.0,   62.26,   83.50,   85.32
  3000.0,   70.60,   86.43,   87.14
  4000.0,   69.46,   83.74,   85.47
  5000.0,   76.89,   84.31,   86.50
  6000.0,   75.00,   82.96,   85.20
  7000.0,   77.90,   86.23,   87.68
  8000.0,   77.47,   86.39,   87.83
  9000.0,   78.59,   85.28,   86.50
 10000.0,   76.58,   83.67,   85.06
 11000.0,   75.34,   83.69,   84.68
 12000.0,   77.08,   86.37,   86.37
 13000.0,   77.09,   85.94,   86.67
 14000.0,   79.43,   87.40,   88.70
 15000.0,   80.63,   88.33,   89.26
 16000.0,   80.15,   86.68,   87.65
 17000.0,   82.88,   88.67,   89.37
 18000.0,   80.63,   87.17,   88.14
 19000.0,   81.82,   87.60,   88.78
 20000.0,   81.00,   87.09,   87.58
 21000.0,   76.74,   83.21,   85.20
 22000.0,   76.03,   81.79,   83.21
 23000.0,   79.90,   86.36,   87.09
 24000.0,   79.31,   85.22,   86.21
 25000.0,   81.38,   86.82,   87.79
 26000.0,   78.24,   79.36,   78.99
 27000.0,   77.12,   79.66,   80.02
 28000.0,   77.75,   79.95,   82.40
 29000.0,   75.44,   78.73,   82.78
 30000.0,   80.92,   84.00,   87.09
 31000.0,   81.94,   83.85,   86.84
 32000.0,   81.19,   83.86,   85.32
 33000.0,   77.86,   83.21,   83.83
 34000.0,   80.81,   84.60,   86.67
 35000.0,   79.34,   84.11,   85.70
 36000.0,   78.87,   85.38,   86.49
 37000.0,   82.09,   87.02,   87.74
 38000.0,   80.40,   86.70,   87.41
 39000.0,   79.48,   85.75,   86.49
 40000.0,   81.69,   87.83,   87.47
 41000.0,   76.50,   82.12,   83.65
 42000.0,   80.42,   86.29,   86.54
 43000.0,   79.00,   86.16,   87.59
 44000.0,   84.00,   88.47,   89.76
 45000.0,   81.90,   86.76,   87.73
 46000.0,   80.00,   83.14,   84.78
 47000.0,   80.83,   85.23,   86.20
 48000.0,   80.66,   87.27,   87.52
 49000.0,   78.18,   83.92,   84.91
 50000.0,   81.39,   86.01,   87.10
 51000.0,   78.39,   80.05,   79.57
 52000.0,   78.77,   79.70,   80.28
 53000.0,   76.72,   77.08,   81.25
 54000.0,   80.47,   79.41,   85.65
 55000.0,   78.22,   78.47,   85.27
 56000.0,   77.56,   78.41,   86.22
 57000.0,   78.50,   78.50,   89.25
 58000.0,   78.95,   80.78,   87.23
 59000.0,   78.33,   80.27,   87.05
 60000.0,   77.40,   78.54,   84.97
 61000.0,   79.01,   82.47,   86.05
 62000.0,   79.01,   82.35,   85.80
 63000.0,   80.22,   81.08,   85.75
 64000.0,   79.30,   82.32,   87.77
 65000.0,   81.74,   80.64,   87.38
 66000.0,   81.62,   82.94,   88.31
 67000.0,   78.41,   79.16,   85.24
 68000.0,   79.31,   76.35,   86.58
 69000.0,   80.65,   78.91,   85.48
 70000.0,   79.00,   81.19,   86.04
 71000.0,   80.15,   80.52,   85.36
 72000.0,   83.25,   84.57,   88.28
 73000.0,   77.88,   81.12,   85.12
 74000.0,   80.17,   83.37,   85.84
 75000.0,   80.91,   83.74,   86.33
 76000.0,   74.07,   71.11,   73.33
 77000.0,   75.72,   76.56,   85.34
 78000.0,   76.70,   76.11,   86.74
 79000.0,   77.11,   79.28,   86.63
 80000.0,   75.75,   79.48,   83.46
 81000.0,   75.19,   77.37,   84.53
 82000.0,   78.64,   80.58,   86.29
 83000.0,   79.83,   82.58,   87.23
 84000.0,   74.57,   79.36,   85.26
 85000.0,   78.90,   80.37,   86.71
 86000.0,   78.59,   81.87,   86.62
 87000.0,   77.41,   80.95,   85.84
 88000.0,   78.04,   82.58,   86.38
 89000.0,   79.32,   82.71,   87.30
 90000.0,   80.81,   85.82,   88.68
 91000.0,   78.26,   83.29,   86.86
 92000.0,   79.18,   83.27,   86.00
 93000.0,   79.90,   83.80,   86.24
 94000.0,   80.27,   84.38,   86.68
 95000.0,   80.63,   82.08,   86.32
 96000.0,   78.86,   82.61,   86.59
 97000.0,   80.62,   83.85,   87.80
 98000.0,   78.77,   83.83,   86.17
 99000.0,   81.98,   85.32,   88.07
100000.0,   79.35,   83.94,   87.20
DataSet: SEA_G - Accuracy
Instance, DDBasic,DDSubSpace,     ARF
  1000.0,   70.90,   84.40,   84.60
  2000.0,   68.90,   87.00,   87.90
  3000.0,   75.30,   88.40,   89.20
  4000.0,   75.20,   87.00,   88.20
  5000.0,   81.00,   88.60,   88.90
  6000.0,   79.90,   86.20,   88.10
  7000.0,   81.70,   89.20,   89.80
  8000.0,   81.30,   88.60,   89.90
  9000.0,   82.40,   88.30,   88.90
 10000.0,   81.50,   87.40,   88.20
 11000.0,   80.20,   87.70,   87.70
 12000.0,   81.50,   88.30,   89.00
 13000.0,   81.10,   88.40,   89.00
 14000.0,   82.70,   90.10,   90.50
 15000.0,   83.40,   90.60,   90.80
 16000.0,   83.70,   89.20,   89.80
 17000.0,   85.40,   91.10,   90.90
 18000.0,   84.00,   89.10,   90.40
 19000.0,   84.60,   90.70,   90.60
 20000.0,   84.50,   89.60,   89.70
 21000.0,   81.10,   87.00,   88.10
 22000.0,   81.80,   85.40,   86.20
 23000.0,   83.00,   87.20,   88.70
 24000.0,   84.80,   88.40,   88.60
 25000.0,   80.60,   84.50,   85.20
 26000.0,   84.50,   87.00,   86.70
 27000.0,   82.10,   84.30,   84.10
 28000.0,   82.60,   83.90,   84.50
 29000.0,   80.90,   83.50,   84.20
 30000.0,   83.10,   87.00,   89.20
 31000.0,   85.00,   86.90,   88.50
 32000.0,   85.10,   87.20,   88.00
 33000.0,   82.20,   86.20,   86.90
 34000.0,   84.20,   88.00,   88.30
 35000.0,   84.40,   86.60,   87.50
 36000.0,   83.50,   86.80,   89.30
 37000.0,   85.30,   87.10,   88.80
 38000.0,   84.00,   88.60,   89.90
 39000.0,   84.10,   87.10,   88.90
 40000.0,   84.80,   88.80,   89.90
 41000.0,   83.20,   86.70,   87.50
 42000.0,   85.20,   88.30,   89.20
 43000.0,   82.10,   89.00,   89.90
 44000.0,   87.50,   90.50,   91.40
 45000.0,   86.20,   88.90,   89.90
 46000.0,   83.50,   86.20,   87.50
 47000.0,   83.80,   88.10,   89.10
 48000.0,   85.40,   88.40,   88.50
 49000.0,   82.00,   86.20,   87.50
 50000.0,   83.50,   85.50,   86.10
 51000.0,   83.30,   85.00,   84.90
 52000.0,   81.90,   83.20,   84.10
 53000.0,   83.40,   83.30,   83.80
 54000.0,   83.10,   82.20,   83.30
 55000.0,   82.60,   83.80,   85.70
 56000.0,   81.40,   78.60,   85.50
 57000.0,   81.80,   83.10,   89.70
 58000.0,   81.80,   87.50,   89.00
 59000.0,   82.00,   86.60,   89.20
 60000.0,   81.00,   86.00,   88.00
 61000.0,   82.80,   86.60,   88.90
 62000.0,   82.60,   86.00,   88.20
 63000.0,   81.80,   87.80,   88.80
 64000.0,   82.20,   88.80,   89.40
 65000.0,   84.70,   88.70,   89.30
 66000.0,   84.00,   88.80,   89.80
 67000.0,   80.20,   87.60,   88.40
 68000.0,   83.20,   88.60,   89.00
 69000.0,   83.40,   87.80,   88.00
 70000.0,   82.10,   88.50,   88.40
 71000.0,   83.10,   87.00,   87.50
 72000.0,   83.80,   89.70,   89.80
 73000.0,   81.60,   85.10,   85.60
 74000.0,   80.40,   83.40,   83.50
 75000.0,   81.90,   82.50,   83.50
 76000.0,   81.80,   79.30,   82.10
 77000.0,   82.60,   80.10,   86.00
 78000.0,   81.30,   80.50,   87.80
 79000.0,   81.20,   81.40,   87.10
 80000.0,   80.80,   84.50,   86.70
 81000.0,   81.50,   85.30,   87.20
 82000.0,   83.10,   86.40,   88.20
 83000.0,   83.10,   87.50,   89.90
 84000.0,   80.70,   85.60,   87.80
 85000.0,   82.70,   87.60,   88.40
 86000.0,   82.00,   88.80,   89.20
 87000.0,   81.30,   87.70,   88.20
 88000.0,   82.50,   88.10,   89.00
 89000.0,   83.30,   88.70,   89.60
 90000.0,   85.00,   89.40,   90.40
 91000.0,   82.80,   88.40,   88.90
 92000.0,   84.60,   88.20,   88.70
 93000.0,   83.40,   88.30,   88.90
 94000.0,   84.40,   88.00,   89.70
 95000.0,   83.80,   87.80,   88.70
 96000.0,   83.30,   88.70,   89.60
 97000.0,   84.40,   89.00,   89.70
 98000.0,   83.50,   88.50,   89.00
 99000.0,   84.40,   89.00,   89.80
100000.0,   82.50,   89.40,   89.50
DataSet: SEA_G - Kappa M
Instances, DDBasic,DDSubSpace,     ARF
  1000.0,   39.75,   67.70,   68.12
  2000.0,   36.79,   73.58,   75.41
  3000.0,   50.10,   76.57,   78.18
  4000.0,   49.80,   73.68,   76.11
  5000.0,   60.91,   76.54,   77.16
  6000.0,   59.56,   72.23,   76.06
  7000.0,   62.35,   77.78,   79.01
  8000.0,   62.45,   77.11,   79.72
  9000.0,   63.26,   75.57,   76.83
 10000.0,   62.63,   74.55,   76.16
 11000.0,   59.01,   74.53,   74.53
 12000.0,   63.65,   77.01,   78.39
 13000.0,   61.51,   76.37,   77.60
 14000.0,   64.84,   79.88,   80.69
 15000.0,   65.70,   80.58,   80.99
 16000.0,   67.07,   78.18,   79.39
 17000.0,   68.19,   80.61,   80.17
 18000.0,   66.87,   77.43,   80.12
 19000.0,   69.20,   81.40,   81.20
 20000.0,   66.08,   77.24,   77.46
 21000.0,   61.19,   73.31,   75.56
 22000.0,   62.16,   69.65,   71.31
 23000.0,   65.38,   73.93,   76.99
 24000.0,   69.66,   76.85,   77.25
 25000.0,   59.41,   67.57,   69.04
 26000.0,   68.56,   73.63,   73.02
 27000.0,   63.98,   68.41,   68.01
 28000.0,   62.98,   65.74,   67.02
 29000.0,   57.46,   63.25,   64.81
 30000.0,   66.53,   74.26,   78.61
 31000.0,   68.81,   72.77,   76.09
 32000.0,   69.53,   73.82,   75.46
 33000.0,   63.67,   71.84,   73.27
 34000.0,   67.29,   75.16,   75.78
 35000.0,   67.90,   72.43,   74.28
 36000.0,   66.12,   72.90,   78.03
 37000.0,   70.36,   73.99,   77.42
 38000.0,   67.48,   76.83,   79.47
 39000.0,   67.28,   73.46,   77.16
 40000.0,   69.42,   77.46,   79.68
 41000.0,   63.00,   70.70,   72.47
 42000.0,   69.36,   75.78,   77.64
 43000.0,   63.54,   77.60,   79.43
 44000.0,   73.85,   80.13,   82.01
 45000.0,   72.01,   77.48,   79.51
 46000.0,   66.93,   72.34,   74.95
 47000.0,   65.97,   75.00,   77.10
 48000.0,   70.97,   76.94,   77.14
 49000.0,   61.12,   70.19,   73.00
 50000.0,   66.67,   70.71,   71.92
 51000.0,   66.47,   69.88,   69.68
 52000.0,   62.13,   64.85,   66.74
 53000.0,   64.98,   64.77,   65.82
 54000.0,   65.15,   63.30,   65.57
 55000.0,   65.13,   67.54,   71.34
 56000.0,   61.73,   55.97,   70.16
 57000.0,   63.60,   66.20,   79.40
 58000.0,   62.00,   73.90,   77.04
 59000.0,   61.95,   71.67,   77.17
 60000.0,   57.40,   68.61,   73.09
 61000.0,   65.11,   72.82,   77.48
 62000.0,   64.85,   71.72,   76.16
 63000.0,   61.52,   74.21,   76.32
 64000.0,   63.89,   77.28,   78.50
 65000.0,   68.78,   76.94,   78.16
 66000.0,   64.52,   75.17,   77.38
 67000.0,   58.75,   74.17,   75.83
 68000.0,   66.27,   77.11,   77.91
 69000.0,   65.34,   74.53,   74.95
 70000.0,   63.39,   76.48,   76.28
 71000.0,   65.37,   73.36,   74.39
 72000.0,   67.01,   79.02,   79.23
 73000.0,   63.05,   70.08,   71.08
 74000.0,   60.40,   66.46,   66.67
 75000.0,   63.14,   64.36,   66.40
 76000.0,   62.00,   56.78,   62.63
 77000.0,   63.60,   58.37,   70.71
 78000.0,   60.96,   59.29,   74.53
 79000.0,   59.91,   60.34,   72.49
 80000.0,   61.13,   68.62,   73.08
 81000.0,   61.86,   69.69,   73.61
 82000.0,   64.94,   71.78,   75.52
 83000.0,   63.97,   73.35,   78.46
 84000.0,   59.79,   70.00,   74.58
 85000.0,   62.47,   73.10,   74.84
 86000.0,   63.11,   77.05,   77.87
 87000.0,   62.22,   75.15,   76.16
 88000.0,   64.21,   75.66,   77.51
 89000.0,   65.78,   76.84,   78.69
 90000.0,   69.82,   78.67,   80.68
 91000.0,   65.81,   76.94,   77.93
 92000.0,   68.64,   75.97,   76.99
 93000.0,   66.26,   76.22,   77.44
 94000.0,   67.84,   75.26,   78.76
 95000.0,   66.60,   74.85,   76.70
 96000.0,   67.06,   77.71,   79.49
 97000.0,   68.29,   77.64,   79.07
 98000.0,   66.53,   76.67,   77.69
 99000.0,   68.16,   77.55,   79.18
100000.0,   63.92,   78.14,   78.35
DataSet: SEA_G - Kappa T
Instances, DDBasic,DDSubSpace,     ARF
  1000.0,   64.68,   81.07,   81.31
  2000.0,   62.26,   84.22,   85.32
  3000.0,   70.60,   86.19,   87.14
  4000.0,   69.46,   83.99,   85.47
  5000.0,   76.89,   86.13,   86.50
  6000.0,   75.00,   82.84,   85.20
  7000.0,   77.90,   86.96,   87.68
  8000.0,   77.47,   86.27,   87.83
  9000.0,   78.59,   85.77,   86.50
 10000.0,   76.58,   84.05,   85.06
 11000.0,   75.34,   84.68,   84.68
 12000.0,   77.08,   85.50,   86.37
 13000.0,   77.09,   85.94,   86.67
 14000.0,   79.43,   88.23,   88.70
 15000.0,   80.63,   89.03,   89.26
 16000.0,   80.27,   86.92,   87.65
 17000.0,   82.74,   89.48,   89.24
 18000.0,   80.61,   86.79,   88.36
 19000.0,   81.71,   88.95,   88.84
 20000.0,   80.93,   87.21,   87.33
 21000.0,   76.02,   83.50,   84.90
 22000.0,   75.73,   80.53,   81.60
 23000.0,   77.30,   82.91,   84.91
 24000.0,   78.10,   83.29,   83.57
 25000.0,   70.74,   76.62,   77.68
 26000.0,   77.50,   81.13,   80.70
 27000.0,   74.10,   77.28,   76.99
 28000.0,   76.74,   78.48,   79.28
 29000.0,   75.16,   78.54,   79.45
 30000.0,   79.44,   84.18,   86.86
 31000.0,   81.99,   84.27,   86.19
 32000.0,   82.05,   84.58,   85.54
 33000.0,   77.67,   82.69,   83.56
 34000.0,   80.59,   85.26,   85.63
 35000.0,   80.98,   83.66,   84.76
 36000.0,   79.85,   83.88,   86.94
 37000.0,   82.20,   84.38,   86.44
 38000.0,   81.04,   86.49,   88.03
 39000.0,   80.47,   84.15,   86.36
 40000.0,   81.64,   86.47,   87.80
 41000.0,   78.60,   83.06,   84.08
 42000.0,   81.93,   85.71,   86.81
 43000.0,   78.59,   86.84,   87.92
 44000.0,   85.22,   88.77,   89.83
 45000.0,   83.23,   86.51,   87.73
 46000.0,   78.79,   82.26,   83.93
 47000.0,   79.62,   85.03,   86.29
 48000.0,   80.66,   84.64,   84.77
 49000.0,   74.21,   80.23,   82.09
 50000.0,   75.15,   78.16,   79.07
 51000.0,   76.07,   78.51,   78.37
 52000.0,   74.47,   76.30,   77.57
 53000.0,   78.55,   78.42,   79.07
 54000.0,   79.31,   78.21,   79.56
 55000.0,   78.17,   79.67,   82.06
 56000.0,   76.95,   73.48,   82.03
 57000.0,   78.84,   80.35,   88.02
 58000.0,   77.78,   84.74,   86.57
 59000.0,   77.94,   83.58,   86.76
 60000.0,   76.16,   82.43,   84.94
 61000.0,   78.92,   83.58,   86.40
 62000.0,   78.36,   82.59,   85.32
 63000.0,   77.64,   85.01,   86.24
 64000.0,   78.45,   86.44,   87.17
 65000.0,   81.30,   86.19,   86.92
 66000.0,   80.84,   86.59,   87.78
 67000.0,   75.40,   84.60,   85.59
 68000.0,   79.36,   86.00,   86.49
 69000.0,   79.35,   84.83,   85.07
 70000.0,   78.01,   85.87,   85.75
 71000.0,   78.72,   83.63,   84.26
 72000.0,   80.12,   87.36,   87.48
 73000.0,   74.86,   79.64,   80.33
 74000.0,   71.51,   75.87,   76.02
 75000.0,   72.32,   73.24,   74.77
 76000.0,   72.71,   68.97,   73.16
 77000.0,   75.46,   71.93,   80.25
 78000.0,   75.99,   74.97,   84.34
 79000.0,   75.96,   76.21,   83.50
 80000.0,   75.45,   80.18,   82.99
 81000.0,   76.31,   81.18,   83.61
 82000.0,   79.49,   83.50,   85.68
 83000.0,   80.00,   85.21,   88.05
 84000.0,   76.05,   82.13,   84.86
 85000.0,   78.77,   84.79,   85.77
 86000.0,   78.31,   86.51,   86.99
 87000.0,   77.14,   84.96,   85.57
 88000.0,   78.45,   85.34,   86.45
 89000.0,   79.93,   86.42,   87.50
 90000.0,   82.04,   87.31,   88.50
 91000.0,   78.74,   85.66,   86.28
 92000.0,   81.03,   85.47,   86.08
 93000.0,   79.71,   85.70,   86.43
 94000.0,   81.25,   85.58,   87.62
 95000.0,   80.29,   85.16,   86.25
 96000.0,   80.02,   86.48,   87.56
 97000.0,   81.20,   86.75,   87.59
 98000.0,   79.68,   85.84,   86.45
 99000.0,   81.29,   86.81,   87.77
100000.0,   78.86,   87.20,   87.32
DataSet: LED_A - Accuracy
Instance, DDBasic,DDSubSpace,     ARF
  1000.0,   26.20,   61.10,   52.00
  2000.0,   25.40,   58.70,   70.30
  3000.0,   26.20,   62.60,   71.20
  4000.0,   24.20,   65.20,   71.10
  5000.0,   40.60,   66.70,   71.60
  6000.0,   51.30,   64.80,   70.60
  7000.0,   54.50,   66.50,   70.00
  8000.0,   54.80,   65.00,   71.60
  9000.0,   58.70,   68.00,   71.70
 10000.0,   55.90,   66.90,   71.50
 11000.0,   57.80,   67.50,   73.50
 12000.0,   59.60,   68.60,   72.80
 13000.0,   55.00,   67.70,   72.60
 14000.0,   53.60,   65.50,   69.50
 15000.0,   55.20,   68.00,   71.60
 16000.0,   56.20,   70.70,   74.30
 17000.0,   55.10,   66.70,   73.50
 18000.0,   55.60,   65.80,   71.90
 19000.0,   57.90,   70.60,   75.40
 20000.0,   55.90,   69.00,   72.10
 21000.0,   56.90,   68.60,   73.70
 22000.0,   59.20,   68.70,   74.40
 23000.0,   55.20,   66.70,   74.10
 24000.0,   54.50,   66.30,   69.90
 25000.0,   56.20,   65.10,   70.20
 26000.0,   33.00,   51.70,   52.80
 27000.0,   39.10,   53.10,   57.40
 28000.0,   38.50,   51.50,   68.10
 29000.0,   38.90,   55.10,   67.00
 30000.0,   33.20,   56.70,   67.90
 31000.0,   38.40,   55.20,   66.30
 32000.0,   39.10,   57.00,   66.30
 33000.0,   38.20,   61.20,   70.10
 34000.0,   40.00,   63.40,   72.90
 35000.0,   37.90,   63.90,   69.60
 36000.0,   38.10,   66.00,   72.80
 37000.0,   39.00,   69.30,   70.70
 38000.0,   23.50,   64.60,   70.80
 39000.0,   34.00,   66.50,   69.20
 40000.0,   38.50,   67.50,   70.80
 41000.0,   39.10,   70.90,   74.00
 42000.0,   41.60,   68.80,   73.70
 43000.0,   33.70,   68.00,   71.30
 44000.0,   35.40,   73.50,   74.40
 45000.0,   40.70,   69.80,   71.90
 46000.0,   37.90,   73.10,   73.70
 47000.0,   34.40,   72.00,   73.10
 48000.0,   33.50,   69.90,   72.10
 49000.0,   38.60,   68.40,   70.80
 50000.0,   37.70,   69.10,   69.20
 51000.0,   26.90,   33.00,   40.30
 52000.0,   27.20,   34.70,   44.80
 53000.0,   24.70,   37.20,   68.10
 54000.0,   22.40,   40.00,   68.40
 55000.0,   24.70,   42.30,   70.60
 56000.0,   25.20,   44.70,   67.60
 57000.0,   28.00,   50.80,   69.40
 58000.0,   27.10,   49.30,   70.30
 59000.0,   25.40,   56.90,   71.80
 60000.0,   22.90,   63.40,   71.40
 61000.0,   25.50,   66.00,   71.90
 62000.0,   23.10,   66.50,   72.20
 63000.0,   24.20,   68.30,   70.20
 64000.0,   24.00,   68.00,   68.90
 65000.0,   24.70,   69.80,   70.60
 66000.0,   24.90,   72.40,   73.30
 67000.0,   30.40,   70.70,   70.40
 68000.0,   25.40,   70.30,   71.20
 69000.0,   23.00,   73.20,   75.40
 70000.0,   25.40,   71.00,   72.80
 71000.0,   26.80,   73.60,   74.00
 72000.0,   25.70,   73.50,   74.70
 73000.0,   23.00,   73.80,   72.50
 74000.0,   24.50,   71.40,   70.40
 75000.0,   25.40,   67.80,   69.50
 76000.0,   25.30,   61.30,   70.20
 77000.0,   25.90,   62.40,   69.40
 78000.0,   25.00,   63.80,   70.30
 79000.0,   24.20,   67.30,   70.80
 80000.0,   28.00,   68.20,   72.90
 81000.0,   25.80,   66.20,   68.00
 82000.0,   30.00,   67.80,   69.70
 83000.0,   24.20,   70.40,   71.40
 84000.0,   26.90,   70.90,   71.70
 85000.0,   23.20,   70.20,   72.10
 86000.0,   27.70,   71.00,   73.30
 87000.0,   30.00,   71.00,   73.70
 88000.0,   37.10,   71.90,   71.30
 89000.0,   36.40,   68.30,   70.40
 90000.0,   36.60,   70.90,   71.00
 91000.0,   40.60,   72.60,   74.70
 92000.0,   37.30,   72.00,   71.00
 93000.0,   31.60,   71.20,   71.10
 94000.0,   32.80,   73.90,   74.50
 95000.0,   31.80,   72.30,   72.10
 96000.0,   34.90,   72.80,   73.40
 97000.0,   34.50,   73.70,   73.30
 98000.0,   46.30,   71.90,   71.40
 99000.0,   42.50,   69.90,   70.90
100000.0,   44.00,   69.40,   70.40
DataSet: LED_A - Kappa M
Instances, DDBasic,DDSubSpace,     ARF
  1000.0,   15.37,   55.39,   44.95
  2000.0,   15.13,   53.01,   66.21
  3000.0,   15.95,   57.40,   67.20
  4000.0,   14.06,   60.54,   67.23
  5000.0,   32.65,   62.24,   67.80
  6000.0,   44.72,   60.05,   66.63
  7000.0,   48.41,   62.02,   65.99
  8000.0,   48.93,   60.45,   67.91
  9000.0,   53.96,   64.33,   68.45
 10000.0,   50.39,   62.77,   67.94
 11000.0,   52.53,   63.44,   70.19
 12000.0,   54.30,   64.48,   69.23
 13000.0,   49.38,   63.67,   69.18
 14000.0,   47.33,   60.84,   65.38
 15000.0,   49.44,   63.88,   67.95
 16000.0,   49.94,   66.51,   70.63
 17000.0,   49.21,   62.33,   70.02
 18000.0,   49.83,   61.36,   68.25
 19000.0,   52.64,   66.93,   72.33
 20000.0,   51.00,   65.56,   69.00
 21000.0,   50.63,   64.03,   69.87
 22000.0,   53.79,   64.55,   71.01
 23000.0,   49.78,   62.67,   70.96
 24000.0,   48.35,   61.75,   65.83
 25000.0,   50.40,   60.48,   66.25
 26000.0,   24.21,   45.36,   46.61
 27000.0,   30.72,   46.64,   51.54
 28000.0,   29.95,   44.76,   63.67
 29000.0,   30.73,   49.09,   62.59
 30000.0,   24.26,   50.91,   63.61
 31000.0,   30.08,   49.15,   61.75
 32000.0,   30.95,   51.25,   61.79
 33000.0,   30.17,   56.16,   66.21
 34000.0,   33.11,   59.20,   69.79
 35000.0,   30.15,   59.39,   65.80
 36000.0,   30.37,   61.75,   69.40
 37000.0,   31.00,   65.27,   66.86
 38000.0,   13.95,   60.18,   67.15
 39000.0,   25.09,   61.98,   65.04
 40000.0,   30.51,   63.28,   67.01
 41000.0,   30.48,   66.78,   70.32
 42000.0,   33.94,   64.71,   70.25
 43000.0,   25.08,   63.84,   67.57
 44000.0,   27.33,   70.19,   71.20
 45000.0,   34.11,   66.44,   68.78
 46000.0,   28.87,   69.19,   69.87
 47000.0,   25.71,   68.29,   69.54
 48000.0,   25.36,   66.22,   68.69
 49000.0,   30.39,   64.17,   66.89
 50000.0,   29.45,   65.01,   65.12
 51000.0,   17.31,   24.21,   32.47
 52000.0,   17.08,   25.63,   37.13
 53000.0,   14.24,   28.47,   63.67
 54000.0,   12.12,   32.05,   64.21
 55000.0,   14.63,   34.58,   66.67
 56000.0,   15.10,   37.23,   63.22
 57000.0,   18.37,   44.22,   65.31
 58000.0,   17.63,   42.71,   66.44
 59000.0,   16.83,   51.95,   68.56
 60000.0,   13.18,   58.78,   67.79
 61000.0,   16.29,   61.80,   68.43
 62000.0,   13.01,   62.10,   68.55
 63000.0,   14.74,   64.34,   66.48
 64000.0,   13.73,   63.68,   64.70
 65000.0,   14.92,   65.88,   66.78
 66000.0,   14.27,   68.49,   69.52
 67000.0,   21.27,   66.86,   66.52
 68000.0,   15.71,   66.44,   67.46
 69000.0,   13.39,   69.85,   72.33
 70000.0,   17.11,   67.78,   69.78
 71000.0,   16.15,   69.76,   70.22
 72000.0,   15.86,   69.99,   71.35
 73000.0,   13.58,   70.59,   69.14
 74000.0,   14.40,   67.57,   66.44
 75000.0,   15.52,   63.53,   65.46
 76000.0,   15.50,   56.22,   66.29
 77000.0,   15.60,   57.18,   65.15
 78000.0,   14.58,   58.77,   66.17
 79000.0,   14.16,   62.97,   66.93
 80000.0,   18.27,   63.90,   69.24
 81000.0,   15.87,   61.68,   63.72
 82000.0,   20.63,   63.49,   65.65
 83000.0,   14.35,   66.55,   67.68
 84000.0,   18.42,   67.52,   68.42
 85000.0,   13.61,   66.48,   68.62
 86000.0,   18.76,   67.42,   70.00
 87000.0,   20.81,   67.19,   70.25
 88000.0,   29.25,   68.39,   67.72
 89000.0,   27.81,   64.02,   66.40
 90000.0,   28.36,   67.12,   67.23
 91000.0,   32.19,   68.72,   71.12
 92000.0,   28.99,   68.29,   67.16
 93000.0,   22.71,   67.46,   67.34
 94000.0,   24.49,   70.67,   71.35
 95000.0,   24.22,   69.22,   69.00
 96000.0,   25.43,   68.84,   69.53
 97000.0,   25.82,   70.22,   69.76
 98000.0,   39.66,   68.43,   67.87
 99000.0,   34.88,   65.91,   67.04
100000.0,   36.51,   65.31,   66.44
DataSet: LED_A - Kappa T
Instances, DDBasic,DDSubSpace,     ARF
  1000.0,   18.00,   56.78,   46.67
  2000.0,   17.39,   54.26,   67.11
  3000.0,   18.63,   58.77,   68.25
  4000.0,   15.50,   61.20,   67.78
  5000.0,   34.65,   63.37,   68.76
  6000.0,   45.95,   60.93,   67.37
  7000.0,   50.65,   63.67,   67.46
  8000.0,   50.55,   61.71,   68.93
  9000.0,   54.21,   64.52,   68.63
 10000.0,   50.67,   62.98,   68.12
 11000.0,   53.32,   64.05,   70.69
 12000.0,   55.56,   65.46,   70.08
 13000.0,   49.78,   63.95,   69.42
 14000.0,   48.39,   61.62,   66.07
 15000.0,   50.06,   64.33,   68.34
 16000.0,   51.44,   67.52,   71.51
 17000.0,   50.93,   63.61,   71.04
 18000.0,   50.56,   61.92,   68.71
 19000.0,   53.07,   67.22,   72.58
 20000.0,   50.56,   65.25,   68.72
 21000.0,   52.95,   65.72,   71.29
 22000.0,   55.02,   65.49,   71.78
 23000.0,   50.72,   63.37,   71.51
 24000.0,   49.11,   62.30,   66.33
 25000.0,   51.28,   61.18,   66.85
 26000.0,   25.56,   46.33,   47.56
 27000.0,   32.56,   48.06,   52.82
 28000.0,   32.19,   46.53,   64.83
 29000.0,   31.88,   49.94,   63.21
 30000.0,   26.51,   52.37,   64.69
 31000.0,   31.63,   50.28,   62.60
 32000.0,   33.95,   53.36,   63.45
 33000.0,   32.39,   57.55,   67.29
 34000.0,   33.48,   59.42,   69.96
 35000.0,   30.46,   59.57,   65.96
 36000.0,   31.60,   62.43,   69.94
 37000.0,   32.89,   66.23,   67.77
 38000.0,   14.62,   60.49,   67.41
 39000.0,   26.59,   62.74,   65.74
 40000.0,   31.44,   63.77,   67.45
 41000.0,   32.48,   67.74,   71.18
 42000.0,   36.17,   65.90,   71.26
 43000.0,   26.17,   64.37,   68.04
 44000.0,   27.98,   70.46,   71.46
 45000.0,   33.52,   66.14,   68.50
 46000.0,   32.13,   70.60,   71.26
 47000.0,   27.75,   69.16,   70.37
 48000.0,   26.84,   66.89,   69.31
 49000.0,   31.32,   64.65,   67.34
 50000.0,   30.70,   65.63,   65.74
 51000.0,   18.78,   25.56,   33.67
 52000.0,   19.38,   27.69,   38.87
 53000.0,   16.98,   30.76,   64.83
 54000.0,   13.49,   33.11,   64.77
 55000.0,   17.07,   36.45,   67.62
 56000.0,   17.07,   38.69,   64.08
 57000.0,   21.91,   46.64,   66.81
 58000.0,   20.24,   44.53,   67.51
 59000.0,   17.29,   52.22,   68.74
 60000.0,   13.66,   59.01,   67.97
 61000.0,   17.68,   62.43,   68.95
 62000.0,   15.40,   63.15,   69.42
 63000.0,   15.40,   64.62,   66.74
 64000.0,   15.46,   64.40,   65.41
 65000.0,   16.05,   66.33,   67.22
 66000.0,   16.74,   69.40,   70.40
 67000.0,   23.93,   67.98,   67.65
 68000.0,   16.93,   66.93,   67.93
 69000.0,   14.16,   70.12,   72.58
 70000.0,   16.37,   67.49,   69.51
 71000.0,   20.00,   71.15,   71.58
 72000.0,   18.17,   70.81,   72.14
 73000.0,   15.29,   71.18,   69.75
 74000.0,   15.45,   67.97,   66.85
 75000.0,   17.11,   64.22,   66.11
 76000.0,   17.00,   57.00,   66.89
 77000.0,   17.94,   58.36,   66.11
 78000.0,   17.31,   60.09,   67.25
 79000.0,   15.50,   63.55,   67.45
 80000.0,   20.70,   64.98,   70.15
 81000.0,   17.65,   62.49,   64.48
 82000.0,   24.16,   65.11,   67.17
 83000.0,   17.07,   67.61,   68.71
 84000.0,   18.96,   67.74,   68.63
 85000.0,   14.00,   66.63,   68.76
 86000.0,   20.11,   67.96,   70.50
 87000.0,   22.99,   68.10,   71.07
 88000.0,   29.72,   68.60,   67.93
 89000.0,   29.25,   64.74,   67.07
 90000.0,   29.40,   67.59,   67.71
 91000.0,   34.15,   69.62,   71.95
 92000.0,   31.48,   69.40,   68.31
 93000.0,   23.83,   67.93,   67.82
 94000.0,   25.08,   70.90,   71.57
 95000.0,   23.54,   68.95,   68.72
 96000.0,   28.85,   70.27,   70.93
 97000.0,   27.86,   71.04,   70.59
 98000.0,   40.92,   69.09,   68.54
 99000.0,   35.61,   66.29,   67.41
100000.0,   37.78,   66.00,   67.11
DataSet: LED_G - Accuracy
Instance, DDBasic,DDSubSpace,     ARF
  1000.0,   26.20,   61.10,   52.00
  2000.0,   25.40,   58.70,   70.30
  3000.0,   26.20,   62.60,   71.20
  4000.0,   24.20,   65.20,   71.10
  5000.0,   40.60,   66.70,   71.60
  6000.0,   51.30,   64.80,   70.60
  7000.0,   54.50,   66.50,   70.00
  8000.0,   54.80,   65.00,   71.60
  9000.0,   58.70,   68.00,   71.70
 10000.0,   55.90,   66.90,   71.50
 11000.0,   57.80,   67.50,   73.50
 12000.0,   59.60,   68.60,   72.80
 13000.0,   55.00,   67.70,   72.60
 14000.0,   53.60,   65.50,   69.50
 15000.0,   55.20,   68.00,   71.60
 16000.0,   56.20,   70.50,   74.20
 17000.0,   55.10,   66.60,   73.40
 18000.0,   55.50,   63.20,   71.70
 19000.0,   57.80,   70.30,   75.40
 20000.0,   55.60,   68.90,   72.10
 21000.0,   55.50,   68.00,   72.20
 22000.0,   57.90,   67.60,   71.90
 23000.0,   52.70,   66.10,   72.40
 24000.0,   50.50,   62.90,   65.00
 25000.0,   46.70,   61.00,   61.70
 26000.0,   43.40,   56.10,   58.70
 27000.0,   38.40,   56.80,   57.70
 28000.0,   37.60,   50.10,   59.50
 29000.0,   35.60,   54.00,   61.60
 30000.0,   39.30,   56.20,   62.90
 31000.0,   35.70,   50.20,   59.90
 32000.0,   35.00,   56.00,   63.60
 33000.0,   38.00,   62.20,   67.00
 34000.0,   38.00,   62.80,   70.30
 35000.0,   39.60,   63.80,   71.20
 36000.0,   38.00,   66.80,   73.20
 37000.0,   41.20,   68.20,   69.40
 38000.0,   40.10,   67.40,   71.20
 39000.0,   38.00,   67.70,   69.60
 40000.0,   19.10,   70.90,   70.40
 41000.0,   17.00,   73.80,   72.80
 42000.0,   17.70,   70.60,   72.00
 43000.0,   18.20,   69.00,   70.80
 44000.0,   29.20,   73.90,   74.00
 45000.0,   41.40,   70.90,   69.80
 46000.0,   38.90,   71.80,   72.30
 47000.0,   36.60,   70.50,   72.50
 48000.0,   36.10,   65.70,   67.90
 49000.0,   36.60,   60.60,   62.00
 50000.0,   31.10,   52.90,   54.30
 51000.0,   29.30,   49.20,   52.70
 52000.0,   27.10,   42.00,   53.20
 53000.0,   25.90,   42.80,   61.90
 54000.0,   25.20,   42.80,   66.50
 55000.0,   26.80,   43.00,   68.40
 56000.0,   23.90,   43.90,   64.60
 57000.0,   26.90,   49.90,   67.70
 58000.0,   23.40,   51.70,   69.80
 59000.0,   24.60,   54.90,   72.60
 60000.0,   23.90,   56.10,   70.90
 61000.0,   25.60,   67.50,   70.10
 62000.0,   23.90,   66.80,   71.50
 63000.0,   24.60,   69.10,   71.30
 64000.0,   27.30,   66.30,   69.30
 65000.0,   24.10,   70.10,   71.60
 66000.0,   24.80,   71.30,   72.90
 67000.0,   27.90,   69.60,   70.20
 68000.0,   26.20,   69.40,   70.00
 69000.0,   23.50,   71.30,   73.70
 70000.0,   26.60,   70.60,   72.20
 71000.0,   27.10,   73.40,   73.80
 72000.0,   24.90,   69.80,   71.90
 73000.0,   24.60,   69.70,   71.30
 74000.0,   26.10,   66.00,   70.10
 75000.0,   24.70,   63.90,   69.90
 76000.0,   27.20,   62.10,   65.50
 77000.0,   23.30,   62.40,   68.40
 78000.0,   26.00,   59.90,   65.30
 79000.0,   23.00,   63.80,   68.90
 80000.0,   27.20,   68.40,   70.90
 81000.0,   23.80,   64.70,   66.00
 82000.0,   29.40,   68.20,   69.20
 83000.0,   24.40,   71.00,   70.40
 84000.0,   26.40,   70.60,   71.70
 85000.0,   25.10,   71.30,   69.70
 86000.0,   30.10,   69.90,   70.20
 87000.0,   41.70,   69.70,   71.00
 88000.0,   51.20,   69.90,   70.40
 89000.0,   50.10,   67.70,   68.60
 90000.0,   49.30,   70.70,   70.70
 91000.0,   52.80,   71.90,   73.30
 92000.0,   52.20,   69.60,   70.30
 93000.0,   51.90,   69.10,   69.70
 94000.0,   52.00,   71.70,   72.80
 95000.0,   51.70,   71.10,   71.00
 96000.0,   50.70,   74.00,   72.30
 97000.0,   53.50,   71.90,   70.60
 98000.0,   53.20,   72.10,   70.70
 99000.0,   50.90,   68.40,   69.10
100000.0,   48.40,   67.70,   67.40
DataSet: LED_G - Kappa M
Instances, DDBasic,DDSubSpace,     ARF
  1000.0,   15.37,   55.39,   44.95
  2000.0,   15.13,   53.01,   66.21
  3000.0,   15.95,   57.40,   67.20
  4000.0,   14.06,   60.54,   67.23
  5000.0,   32.65,   62.24,   67.80
  6000.0,   44.72,   60.05,   66.63
  7000.0,   48.41,   62.02,   65.99
  8000.0,   48.93,   60.45,   67.91
  9000.0,   53.96,   64.33,   68.45
 10000.0,   50.39,   62.77,   67.94
 11000.0,   52.53,   63.44,   70.19
 12000.0,   54.30,   64.48,   69.23
 13000.0,   49.38,   63.67,   69.18
 14000.0,   47.33,   60.84,   65.38
 15000.0,   49.44,   63.88,   67.95
 16000.0,   50.00,   66.32,   70.55
 17000.0,   49.04,   62.09,   69.81
 18000.0,   49.72,   58.42,   68.02
 19000.0,   52.26,   66.40,   72.17
 20000.0,   50.72,   65.48,   69.03
 21000.0,   49.03,   63.34,   68.16
 22000.0,   52.32,   63.31,   68.18
 23000.0,   46.85,   61.91,   68.99
 24000.0,   42.91,   57.21,   59.63
 25000.0,   39.22,   55.53,   56.33
 26000.0,   35.97,   50.34,   53.28
 27000.0,   30.86,   51.52,   52.53
 28000.0,   28.60,   42.91,   53.66
 29000.0,   27.40,   48.14,   56.71
 30000.0,   31.02,   50.23,   57.84
 31000.0,   26.85,   43.34,   54.38
 32000.0,   26.30,   50.11,   58.73
 33000.0,   29.71,   57.14,   62.59
 34000.0,   30.65,   58.39,   66.78
 35000.0,   32.06,   59.28,   67.60
 36000.0,   30.42,   62.74,   69.92
 37000.0,   33.33,   63.95,   65.31
 38000.0,   32.47,   63.25,   67.53
 39000.0,   29.78,   63.42,   65.57
 40000.0,    8.79,   67.19,   66.63
 41000.0,    5.25,   70.09,   68.95
 42000.0,    6.48,   66.59,   68.18
 43000.0,    7.26,   64.85,   66.89
 44000.0,   20.18,   70.57,   70.69
 45000.0,   34.96,   67.70,   66.48
 46000.0,   30.17,   67.77,   68.34
 47000.0,   28.04,   66.52,   68.79
 48000.0,   28.04,   61.37,   63.85
 49000.0,   26.87,   54.56,   56.17
 50000.0,   21.44,   46.29,   47.89
 51000.0,   20.11,   42.60,   46.55
 52000.0,   18.18,   34.90,   47.47
 53000.0,   15.31,   34.63,   56.46
 54000.0,   15.77,   35.59,   62.27
 55000.0,   16.72,   35.15,   64.05
 56000.0,   13.33,   36.10,   59.68
 57000.0,   17.31,   43.33,   63.46
 58000.0,   13.15,   45.24,   65.76
 59000.0,   15.57,   49.50,   69.32
 60000.0,   14.49,   50.67,   67.30
 61000.0,   16.50,   63.52,   66.44
 62000.0,   13.82,   62.40,   67.72
 63000.0,   14.61,   65.01,   67.50
 64000.0,   17.95,   61.96,   65.35
 65000.0,   14.33,   66.25,   67.95
 66000.0,   14.16,   67.24,   69.06
 67000.0,   17.97,   65.42,   66.10
 68000.0,   16.14,   65.23,   65.91
 69000.0,   14.24,   67.83,   70.52
 70000.0,   18.26,   67.26,   69.04
 71000.0,   16.69,   69.60,   70.06
 72000.0,   14.76,   65.72,   68.10
 73000.0,   15.28,   65.96,   67.75
 74000.0,   14.47,   60.65,   65.39
 75000.0,   14.14,   58.84,   65.68
 76000.0,   17.93,   57.27,   61.10
 77000.0,   13.82,   57.75,   64.49
 78000.0,   15.43,   54.17,   60.34
 79000.0,   13.58,   59.37,   65.10
 80000.0,   17.08,   64.01,   66.86
 81000.0,   13.21,   59.79,   61.28
 82000.0,   20.14,   64.03,   65.16
 83000.0,   14.29,   67.12,   66.44
 84000.0,   17.40,   67.00,   68.24
 85000.0,   15.94,   67.79,   65.99
 86000.0,   21.64,   66.26,   66.59
 87000.0,   33.75,   65.57,   67.05
 88000.0,   44.98,   66.07,   66.63
 89000.0,   43.55,   63.46,   64.48
 90000.0,   42.65,   66.86,   66.86
 91000.0,   46.18,   67.96,   69.56
 92000.0,   45.80,   65.53,   66.33
 93000.0,   45.40,   64.93,   65.61
 94000.0,   46.37,   68.38,   69.61
 95000.0,   46.33,   67.89,   67.78
 96000.0,   43.40,   70.15,   68.20
 97000.0,   47.10,   68.03,   66.55
 98000.0,   47.47,   68.69,   67.12
 99000.0,   44.64,   64.37,   65.16
100000.0,   41.50,   63.38,   63.04
DataSet: LED_G - Kappa T
Instances, DDBasic,DDSubSpace,     ARF
  1000.0,   18.00,   56.78,   46.67
  2000.0,   17.39,   54.26,   67.11
  3000.0,   18.63,   58.77,   68.25
  4000.0,   15.50,   61.20,   67.78
  5000.0,   34.65,   63.37,   68.76
  6000.0,   45.95,   60.93,   67.37
  7000.0,   50.65,   63.67,   67.46
  8000.0,   50.55,   61.71,   68.93
  9000.0,   54.21,   64.52,   68.63
 10000.0,   50.67,   62.98,   68.12
 11000.0,   53.32,   64.05,   70.69
 12000.0,   55.56,   65.46,   70.08
 13000.0,   49.78,   63.95,   69.42
 14000.0,   48.39,   61.62,   66.07
 15000.0,   50.06,   64.33,   68.34
 16000.0,   51.44,   67.29,   71.40
 17000.0,   50.93,   63.50,   70.93
 18000.0,   50.45,   59.02,   68.49
 19000.0,   53.01,   66.93,   72.61
 20000.0,   50.34,   65.21,   68.79
 21000.0,   51.53,   65.14,   69.72
 22000.0,   53.63,   64.32,   69.05
 23000.0,   47.85,   62.62,   69.57
 24000.0,   44.07,   58.08,   60.45
 25000.0,   41.81,   57.42,   58.19
 26000.0,   36.90,   51.06,   53.96
 27000.0,   31.10,   51.68,   52.68
 28000.0,   31.58,   45.29,   55.59
 29000.0,   28.52,   48.95,   57.38
 30000.0,   32.93,   51.60,   59.01
 31000.0,   29.03,   45.03,   55.74
 32000.0,   29.42,   52.23,   60.48
 33000.0,   32.39,   58.78,   64.01
 34000.0,   31.11,   58.67,   67.00
 35000.0,   32.13,   59.33,   67.64
 36000.0,   31.64,   63.40,   70.45
 37000.0,   35.31,   65.02,   66.34
 38000.0,   33.07,   63.58,   67.82
 39000.0,   31.03,   64.07,   66.18
 40000.0,   10.01,   67.63,   67.07
 41000.0,    7.88,   70.92,   69.81
 42000.0,   10.15,   67.90,   69.43
 43000.0,    8.50,   65.32,   67.34
 44000.0,   21.42,   71.03,   71.14
 45000.0,   34.60,   67.52,   66.29
 46000.0,   33.30,   69.21,   69.76
 47000.0,   30.10,   67.48,   69.68
 48000.0,   29.63,   62.22,   64.65
 49000.0,   28.28,   55.43,   57.01
 50000.0,   25.03,   48.75,   50.27
 51000.0,   21.01,   43.24,   47.15
 52000.0,   18.55,   35.20,   47.71
 53000.0,   18.57,   37.14,   58.13
 54000.0,   17.17,   36.66,   62.90
 55000.0,   18.94,   36.88,   65.01
 56000.0,   16.28,   38.28,   61.06
 57000.0,   20.63,   45.60,   64.93
 58000.0,   16.28,   47.21,   66.99
 59000.0,   16.22,   49.89,   69.56
 60000.0,   14.59,   50.73,   67.34
 61000.0,   17.97,   64.17,   67.03
 62000.0,   16.28,   63.48,   68.65
 63000.0,   15.47,   65.36,   67.83
 64000.0,   19.40,   62.64,   65.96
 65000.0,   15.38,   66.67,   68.34
 66000.0,   16.72,   68.22,   69.99
 67000.0,   21.20,   66.78,   67.43
 68000.0,   17.45,   65.77,   66.44
 69000.0,   15.09,   68.15,   70.81
 70000.0,   18.08,   67.19,   68.97
 71000.0,   20.41,   70.96,   71.40
 72000.0,   17.20,   66.70,   69.02
 73000.0,   17.14,   66.70,   68.46
 74000.0,   16.21,   61.45,   66.10
 75000.0,   17.97,   60.68,   67.21
 76000.0,   18.75,   57.70,   61.50
 77000.0,   14.40,   58.04,   64.73
 78000.0,   18.77,   55.98,   61.91
 79000.0,   14.44,   59.78,   65.44
 80000.0,   19.47,   65.04,   67.81
 81000.0,   16.17,   61.17,   62.60
 82000.0,   23.34,   65.47,   66.56
 83000.0,   17.47,   68.34,   67.69
 84000.0,   18.22,   67.33,   68.56
 85000.0,   15.84,   67.75,   65.96
 86000.0,   22.93,   66.81,   67.14
 87000.0,   35.86,   66.67,   68.10
 88000.0,   45.23,   66.22,   66.78
 89000.0,   44.80,   64.27,   65.27
 90000.0,   43.54,   67.37,   67.37
 91000.0,   47.56,   68.78,   70.33
 92000.0,   47.76,   66.78,   67.54
 93000.0,   46.14,   65.40,   66.07
 94000.0,   46.84,   68.66,   69.88
 95000.0,   45.85,   67.60,   67.49
 96000.0,   46.24,   71.65,   69.79
 97000.0,   48.56,   68.92,   67.48
 98000.0,   48.74,   69.44,   67.91
 99000.0,   44.96,   64.57,   65.36
100000.0,   42.47,   63.99,   63.66
DataSet: weather - Accuracy
Instance, DDBasic,DDSubSpace,     ARF
  1000.0,   68.80,   71.60,   74.00
  2000.0,   71.10,   77.40,   79.60
  3000.0,   72.20,   75.80,   80.70
  4000.0,   69.20,   76.90,   78.50
  5000.0,   70.40,   75.30,   78.00
  6000.0,   73.40,   74.30,   77.90
  7000.0,   75.10,   76.70,   80.70
  8000.0,   69.80,   70.70,   76.60
  9000.0,   72.50,   74.40,   77.40
 10000.0,   73.10,   74.90,   79.50
 11000.0,   74.30,   75.60,   81.50
 12000.0,   76.30,   76.10,   80.60
 13000.0,   71.60,   73.30,   77.20
 14000.0,   67.30,   73.90,   76.60
 15000.0,   73.40,   76.90,   80.50
 16000.0,   68.60,   76.00,   78.20
 17000.0,   68.40,   75.60,   78.50
 18000.0,   65.80,   73.70,   76.40
 18159.0,   65.80,   74.40,   75.90
DataSet: weather - Kappa M
Instances, DDBasic,DDSubSpace,     ARF
  1000.0,    4.29,   12.88,   20.25
  2000.0,   -5.86,   17.22,   25.27
  3000.0,   -3.73,    9.70,   27.99
  4000.0,    1.60,   26.20,   31.31
  5000.0,    3.27,   19.28,   28.10
  6000.0,   12.50,   15.46,   27.30
  7000.0,   12.94,   18.53,   32.52
  8000.0,    5.62,    8.44,   26.87
  9000.0,   13.79,   19.75,   29.15
 10000.0,    6.60,   12.85,   28.82
 11000.0,    3.02,    7.92,   30.19
 12000.0,    7.78,    7.00,   24.51
 13000.0,   14.97,   20.06,   31.74
 14000.0,   17.01,   33.76,   40.61
 15000.0,   14.19,   25.48,   37.10
 16000.0,   21.11,   39.70,   45.23
 17000.0,    4.53,   26.28,   35.05
 18000.0,    8.06,   29.30,   36.56
 18159.0,    6.56,   30.05,   34.15
DataSet: weather - Kappa T
Instances, DDBasic,DDSubSpace,     ARF
  1000.0,    4.29,   12.88,   20.25
  2000.0,    8.54,   28.48,   35.44
  3000.0,    5.44,   17.69,   34.35
  4000.0,    6.10,   29.57,   34.45
  5000.0,   14.45,   28.61,   36.42
  6000.0,   16.09,   18.93,   30.28
  7000.0,   13.24,   18.82,   32.75
  8000.0,    9.04,   11.75,   29.52
  9000.0,   18.88,   24.48,   33.33
 10000.0,   10.63,   16.61,   31.89
 11000.0,   10.14,   14.69,   35.31
 12000.0,   22.04,   21.38,   36.18
 13000.0,   16.72,   21.70,   33.14
 14000.0,    0.00,   20.18,   28.44
 15000.0,   10.74,   22.48,   34.56
 16000.0,   11.05,   32.01,   38.24
 17000.0,    3.95,   25.84,   34.65
 18000.0,   -1.79,   21.73,   29.76
 18159.0,   -2.09,   23.58,   28.06
DataSet: elecNormNew - Accuracy
Instance, DDBasic,DDSubSpace,     ARF
  1000.0,   80.70,   82.50,   85.40
  2000.0,   79.70,   86.30,   89.70
  3000.0,   72.20,   85.70,   90.90
  4000.0,   79.70,   85.50,   91.40
  5000.0,   74.00,   82.60,   88.80
  6000.0,   73.90,   83.80,   87.70
  7000.0,   74.50,   82.40,   89.20
  8000.0,   77.70,   85.90,   88.30
  9000.0,   86.70,   91.80,   93.00
 10000.0,   74.80,   89.00,   89.70
 11000.0,   86.90,   91.70,   91.90
 12000.0,   81.10,   88.50,   89.10
 13000.0,   69.80,   86.00,   88.50
 14000.0,   90.10,   86.90,   92.70
 15000.0,   76.20,   86.90,   88.50
 16000.0,   75.90,   83.30,   89.10
 17000.0,   70.60,   87.70,   88.50
 18000.0,   83.10,   87.00,   90.10
 19000.0,   90.50,   91.00,   92.60
 20000.0,   81.40,   86.40,   90.60
 21000.0,   82.70,   86.30,   86.80
 22000.0,   89.80,   89.20,   88.50
 23000.0,   80.40,   82.50,   85.20
 24000.0,   68.20,   82.00,   84.20
 25000.0,   85.10,   84.60,   85.20
 26000.0,   83.10,   90.90,   89.30
 27000.0,   85.30,   89.90,   90.80
 28000.0,   77.60,   85.30,   86.40
 29000.0,   75.60,   82.30,   82.70
 30000.0,   80.00,   87.90,   88.10
 31000.0,   77.10,   86.60,   85.80
 32000.0,   75.30,   83.00,   84.60
 33000.0,   70.10,   88.10,   86.70
 34000.0,   82.80,   87.20,   89.50
 35000.0,   71.40,   86.90,   84.00
 36000.0,   88.80,   89.30,   86.00
 37000.0,   81.40,   86.00,   82.80
 38000.0,   79.40,   87.80,   86.50
 39000.0,   79.90,   90.40,   87.70
 40000.0,   88.00,   90.50,   88.40
 41000.0,   87.80,   90.20,   89.50
 42000.0,   87.00,   89.00,   90.80
 43000.0,   84.00,   89.00,   87.80
 44000.0,   81.80,   85.20,   85.20
 45000.0,   87.10,   88.80,   92.10
 45312.0,   87.30,   88.90,   92.10
DataSet: elecNormNew - Kappa M
Instances, DDBasic,DDSubSpace,     ARF
  1000.0,   60.61,   64.29,   70.20
  2000.0,   31.88,   54.03,   65.44
  3000.0,   32.36,   65.21,   77.86
  4000.0,   48.08,   62.92,   78.01
  5000.0,   26.55,   50.85,   68.36
  6000.0,   37.56,   61.24,   70.57
  7000.0,   39.43,   58.19,   74.35
  8000.0,   58.00,   73.45,   77.97
  9000.0,   71.94,   82.70,   85.23
 10000.0,   48.15,   77.37,   78.81
 11000.0,   73.75,   83.37,   83.77
 12000.0,   57.91,   74.39,   75.72
 13000.0,   38.87,   71.66,   76.72
 14000.0,   78.76,   71.89,   84.33
 15000.0,   47.11,   70.89,   74.44
 16000.0,   42.76,   60.33,   74.11
 17000.0,   18.33,   65.83,   68.06
 18000.0,   59.18,   68.60,   76.09
 19000.0,   73.24,   74.65,   79.15
 20000.0,   63.81,   73.54,   81.71
 21000.0,   61.04,   69.14,   70.27
 22000.0,   62.77,   60.58,   58.03
 23000.0,   54.10,   59.02,   65.34
 24000.0,   19.70,   54.55,   60.10
 25000.0,   60.48,   59.15,   60.74
 26000.0,   61.76,   79.41,   75.79
 27000.0,   64.15,   75.37,   77.56
 28000.0,   45.37,   64.15,   66.83
 29000.0,   35.96,   53.54,   54.59
 30000.0,   49.49,   69.44,   69.95
 31000.0,   39.58,   64.64,   62.53
 32000.0,   41.05,   59.43,   63.25
 33000.0,   34.29,   73.85,   70.77
 34000.0,   55.32,   66.75,   72.73
 35000.0,   32.07,   68.88,   62.00
 36000.0,   63.40,   65.03,   54.25
 37000.0,   47.01,   60.11,   51.00
 38000.0,   39.23,   64.01,   60.18
 39000.0,   57.05,   79.49,   73.72
 40000.0,   73.68,   79.17,   74.56
 41000.0,   73.99,   79.10,   77.61
 42000.0,   73.68,   77.73,   81.38
 43000.0,   65.29,   76.14,   73.54
 44000.0,   50.41,   59.67,   59.67
 45000.0,   69.58,   73.58,   81.37
 45312.0,   72.81,   76.23,   83.08
DataSet: elecNormNew - Kappa T
Instances, DDBasic,DDSubSpace,     ARF
  1000.0,  -37.86,  -25.00,   -4.29
  2000.0,  -45.00,    2.14,   26.43
  3000.0,  -49.46,   23.12,   51.08
  4000.0,  -20.12,   14.20,   49.11
  5000.0,  -62.50,   -8.75,   30.00
  6000.0,  -71.71,   -6.58,   19.08
  7000.0,  -33.51,    7.85,   43.46
  8000.0,  -30.41,   17.54,   31.58
  9000.0,   22.67,   52.33,   59.30
 10000.0,  -76.22,   23.08,   27.97
 11000.0,   26.82,   53.63,   54.75
 12000.0,  -36.96,   16.67,   21.01
 13000.0, -111.19,    2.10,   19.58
 14000.0,   -1.02,  -33.67,   25.51
 15000.0,  -64.14,    9.66,   20.69
 16000.0,  -46.95,   -1.83,   33.54
 17000.0,  -83.75,   23.13,   28.13
 18000.0,  -21.58,    6.47,   28.78
 19000.0,   29.10,   32.84,   44.78
 20000.0,  -50.00,   -9.68,   24.19
 21000.0,    5.46,   25.14,   27.87
 22000.0,   45.45,   42.25,   38.50
 23000.0,  -29.80,  -15.89,    1.99
 24000.0, -114.86,  -21.62,   -6.76
 25000.0,  -28.45,  -32.76,  -27.59
 26000.0,  -20.71,   35.00,   23.57
 27000.0,  -37.38,    5.61,   14.02
 28000.0, -146.15,  -61.54,  -49.45
 29000.0, -110.34,  -52.59,  -49.14
 30000.0,  -85.19,  -12.04,  -10.19
 31000.0,  -53.69,   10.07,    4.70
 32000.0,  -71.53,  -18.06,   -6.94
 33000.0, -155.56,   -1.71,  -13.68
 34000.0,  -21.13,    9.86,   26.06
 35000.0, -134.43,   -7.38,  -31.15
 36000.0,   27.27,   30.52,    9.09
 37000.0,  -14.81,   13.58,   -6.17
 38000.0,  -45.07,   14.08,    4.93
 39000.0,  -53.44,   26.72,    6.11
 40000.0,   17.81,   34.93,   20.55
 41000.0,   34.05,   47.03,   43.24
 42000.0,   18.24,   30.82,   42.14
 43000.0,  -25.00,   14.06,    4.69
 44000.0,    0.55,   19.13,   19.13
 45000.0,    1.53,   14.50,   39.69
 45312.0,   10.56,   21.83,   44.37
