DATASET: data/SEAFD_A.arff
  Classifier    Accuracy    SD-Accu.     Kappa M     kappa T        Time       RAM-Hours
----------------------------------------------------------------------------------------
    DDRandSM       81,37        3,66       62,02       77,20        5,92    -0,015319933
  DDSubSpace       99,33        2,66       98,58       99,18        2,25    -0,005820766
   RSubSpace       79,76        1,76       58,74       75,22        9,02    -0,023323486
    SubSpace       86,96        1,80       73,43       84,06        5,95    -0,015400777
  Persistent       18,21        1,60      -66,71        0,00        0,52    -0,001333926
         DWM       84,25        3,49       67,90       80,72       12,23    -0,031650416
         ARF       86,34        3,17       72,13       83,28        9,47    -0,024495724
DATASET: data/SEAFD_G.arff
  Classifier    Accuracy    SD-Accu.     Kappa M     kappa T        Time       RAM-Hours
----------------------------------------------------------------------------------------
    DDRandSM       85,33        2,04       69,83       81,35        4,92    -0,012732926
  DDSubSpace       99,33        2,66       98,58       99,18        2,16    -0,005578234
   RSubSpace       78,87        2,29       56,58       73,18        8,92    -0,023080954
    SubSpace       88,60        3,26       76,60       85,82        5,55    -0,014349805
  Persistent       20,57        4,78      -63,17        0,00        0,50    -0,001293504
         DWM       83,61        2,27       66,30       79,18       11,03    -0,028537923
         ARF       85,92        2,34       71,04       82,05        9,63    -0,024899944
DATASET: data/SEA_A.arff
  Classifier    Accuracy    SD-Accu.     Kappa M     kappa T        Time       RAM-Hours
----------------------------------------------------------------------------------------
    DDRandSM       86,06        2,62       71,58       83,00        2,03    -0,005254858
  DDSubSpace       99,32        2,52       98,62       99,18        1,48    -0,003840089
   RSubSpace       79,21        1,74       57,64       74,65        4,56    -0,011803220
    SubSpace       94,31        2,10       88,41       93,08        4,31    -0,011156468
  Persistent       17,90        1,61      -67,31        0,00        0,14    -0,000363798
         DWM       84,76        1,76       68,93       81,41        8,31    -0,021504497
         ARF       88,49        1,90       76,53       85,96        6,30    -0,016290061
DATASET: data/SEA_G.arff
  Classifier    Accuracy    SD-Accu.     Kappa M     kappa T        Time       RAM-Hours
----------------------------------------------------------------------------------------
    DDRandSM       86,01        2,68       71,18       82,28        1,97    -0,005093170
  DDSubSpace       99,34        2,52       98,65       99,19        1,52    -0,003920933
   RSubSpace       79,09        1,75       56,96       73,64        4,45    -0,011520266
    SubSpace       94,32        2,04       88,31       92,87        4,34    -0,011237312
  Persistent       20,25        4,78      -64,16        0,00        0,14    -0,000363798
         DWM       86,03        1,54       71,23       82,34        3,27    -0,008448195
         ARF       88,12        1,93       75,52       84,92        6,39    -0,016532593
DATASET: data/AGR_A.arff
  Classifier    Accuracy    SD-Accu.     Kappa M     kappa T        Time       RAM-Hours
----------------------------------------------------------------------------------------
    DDRandSM       70,12       14,65   -Infinity       70,12        4,47    -0,011560688
  DDSubSpace       72,69       14,85   -Infinity       72,69        2,56    -0,006629206
   RSubSpace       61,08        7,43   -Infinity       61,08       14,67    -0,037956246
    SubSpace       58,72        9,27   -Infinity       58,72        7,50    -0,019402554
  Persistent        0,00        0,02   -Infinity        0,00        0,19    -0,000485064
         DWM       73,01       12,17   -Infinity       73,01        3,27    -0,008448195
         ARF       79,76        9,47   -Infinity       79,76       16,02    -0,041432536
DATASET: data/AGR_G.arff
  Classifier    Accuracy    SD-Accu.     Kappa M     kappa T        Time       RAM-Hours
----------------------------------------------------------------------------------------
    DDRandSM       84,61        8,83   -Infinity       83,42        4,20    -0,010873514
  DDSubSpace       73,23       14,18   -Infinity       71,62        2,52    -0,006507940
   RSubSpace       60,22        7,57   -Infinity       58,15       14,77    -0,038198777
    SubSpace       57,36        8,99   -Infinity       55,14        7,45    -0,019281288
  Persistent        3,72        7,05   -Infinity        0,00        0,19    -0,000485064
         DWM       72,00       12,02   -Infinity       70,41        3,14    -0,008124819
         ARF       77,03       10,02   -Infinity       75,57       15,89    -0,041109161
DATASET: data/HYPER.arff
  Classifier    Accuracy    SD-Accu.     Kappa M     kappa T        Time       RAM-Hours
----------------------------------------------------------------------------------------
    DDRandSM       82,36        2,06       63,57       64,58        4,27    -0,011035202
  DDSubSpace       95,37        1,95       90,44       90,69        3,56    -0,009216213
   RSubSpace       75,89        1,59       50,22       51,58        6,69    -0,017300610
    SubSpace       94,64        2,45       88,94       89,25        4,88    -0,012611660
  Persistent       50,15        1,46       -2,90        0,00        0,41    -0,001050972
         DWM       90,21        1,50       79,79       80,34        4,55    -0,011762798
         ARF       82,50        2,24       63,86       64,85       10,14    -0,026233869
DATASET: data/RBF_M.arff
  Classifier    Accuracy    SD-Accu.     Kappa M     kappa T        Time       RAM-Hours
----------------------------------------------------------------------------------------
    DDRandSM       67,36        4,86       53,26       57,79        6,41    -0,016573015
  DDSubSpace       79,34        3,74       70,40       73,27        4,58    -0,011843642
   RSubSpace       45,61        3,93       22,12       29,66        8,14    -0,021059855
    SubSpace       73,72        7,33       62,39       66,01        5,94    -0,015360355
  Persistent       22,66        1,30      -10,72        0,00        0,44    -0,001131816
         DWM       56,63        4,75       37,90       43,91       15,61    -0,040381565
         ARF       80,98        5,77       72,76       75,41        9,72    -0,025142476
DATASET: data/RBF_F.arff
  Classifier    Accuracy    SD-Accu.     Kappa M     kappa T        Time       RAM-Hours
----------------------------------------------------------------------------------------
    DDRandSM       52,31        5,36       31,70       38,31        6,27    -0,016209217
  DDSubSpace       99,33        4,54       99,03       99,14        3,06    -0,007922709
   RSubSpace       46,88        3,19       23,94       31,28        8,22    -0,021261965
    SubSpace       73,41        6,54       61,94       65,59        5,78    -0,014956135
  Persistent       22,66        1,30      -10,72        0,00        0,44    -0,001131816
         DWM       53,89        4,46       33,98       40,35        9,13    -0,023606440
         ARF       66,81        4,38       52,47       57,07       10,45    -0,027042309
DATASET: data/LED_A.arff
  Classifier    Accuracy    SD-Accu.     Kappa M     kappa T        Time       RAM-Hours
----------------------------------------------------------------------------------------
    DDRandSM       64,95        8,78       60,35       61,20        4,39    -0,011358578
  DDSubSpace       65,17        8,69       60,60       61,45        4,45    -0,011520266
   RSubSpace       51,01        3,06       44,61       45,76        9,05    -0,023404330
    SubSpace       64,78        3,31       60,17       61,01       11,84    -0,030639866
  Persistent        9,67        0,76       -2,15        0,00        0,23    -0,000606330
         DWM       73,24        2,01       69,74       70,37       15,48    -0,040058189
         ARF       70,28        5,33       66,38       67,09        6,17    -0,015966685
DATASET: data/LED_G.arff
  Classifier    Accuracy    SD-Accu.     Kappa M     kappa T        Time       RAM-Hours
----------------------------------------------------------------------------------------
    DDRandSM       64,52        7,75       59,84       60,74        4,47    -0,011560688
  DDSubSpace       64,66        7,68       59,99       60,89        4,44    -0,011479844
   RSubSpace       49,81        3,49       43,19       44,44        9,02    -0,023323486
    SubSpace       63,90        3,88       59,15       60,05       11,81    -0,030559022
  Persistent        9,64        0,90       -2,26        0,00        0,23    -0,000606330
         DWM       72,57        2,89       68,96       69,64       14,42    -0,037309494
         ARF       68,98        4,83       64,89       65,67        6,00    -0,015522043
DATASET: data/weather.arff
  Classifier    Accuracy    SD-Accu.     Kappa M     kappa T        Time       RAM-Hours
----------------------------------------------------------------------------------------
    DDRandSM       75,68        1,77       22,65       24,15        0,59    -0,001536035
  DDSubSpace       97,33        6,01       90,93       91,52        0,41    -0,001050972
   RSubSpace       73,73        2,07       16,52       18,10        1,03    -0,002667851
    SubSpace       96,44        1,67       88,96       88,95        0,77    -0,001980677
  Persistent       67,92        1,98       -2,10        0,00        0,03    -0,000080844
         DWM       69,82        2,86        3,55        5,58        0,66    -0,001697723
         ARF       78,33        1,93       31,20       32,48        1,67    -0,004325153
DATASET: data/elecNormNew.arff
  Classifier    Accuracy    SD-Accu.     Kappa M     kappa T        Time       RAM-Hours
----------------------------------------------------------------------------------------
    DDRandSM       87,92        2,41       70,58       15,23        1,77    -0,004567685
  DDSubSpace       95,48        3,70       89,26       69,26        1,05    -0,002708273
   RSubSpace       88,24        1,84       71,58       17,09        3,20    -0,008286507
    SubSpace       97,55        0,87       94,05       83,45        1,94    -0,005012326
  Persistent       85,37        2,42       64,32        0,00        0,06    -0,000161688
         DWM       79,60        4,98       50,74      -45,30        0,91    -0,002344475
         ARF       88,31        2,64       71,34       17,48        4,58    -0,011843642

AVERAGE RESULTS:
  Classifier    Accuracy
------------------------
  DDSubSpace       87,69
    SubSpace       80,36
         ARF       80,14
    DDRandSM       76,05
         DWM       75,35
   RSubSpace       66,88
  Persistent       26,83