DATASET: data/SEAFD_A.arff
  Classifier    Accuracy    SD-Accu.     Kappa M     kappa T        Time       RAM-Hours
----------------------------------------------------------------------------------------
    DDRandSM       82,48        5,24       64,29       78,55        5,11    -0,013217990
  DDSubSpace       95,28        7,38       90,38       94,22        3,28    -0,008488617
   RSubSpace       79,18        2,02       57,56       74,52        8,73    -0,022595891
    SubSpace       86,55        1,91       72,59       83,56        5,89    -0,015239089
  Persistent       18,21        1,60      -66,71        0,00        0,52    -0,001333926
         DWM       84,25        3,49       67,90       80,72       12,33    -0,031892948
         ARF       86,34        3,17       72,13       83,28        9,63    -0,024899944
DATASET: data/SEAFD_G.arff
  Classifier    Accuracy    SD-Accu.     Kappa M     kappa T        Time       RAM-Hours
----------------------------------------------------------------------------------------
    DDRandSM       84,66        3,26       68,48       80,47        4,33    -0,011196890
  DDSubSpace       91,18        8,89       81,86       88,75        3,30    -0,008529039
   RSubSpace       78,71        2,09       56,25       72,99        8,55    -0,022110827
    SubSpace       88,09        3,27       75,55       85,16        5,44    -0,014066851
  Persistent       20,57        4,78      -63,17        0,00        0,50    -0,001293504
         DWM       83,61        2,27       66,30       79,18       11,05    -0,028578345
         ARF       85,92        2,34       71,04       82,05        9,67    -0,025021210
DATASET: data/SEA_A.arff
  Classifier    Accuracy    SD-Accu.     Kappa M     kappa T        Time       RAM-Hours
----------------------------------------------------------------------------------------
    DDRandSM       85,39        2,85       70,21       82,18        1,81    -0,004688950
  DDSubSpace       99,51        2,13       99,00       99,41        1,63    -0,004203887
   RSubSpace       78,77        1,89       56,74       74,10        4,34    -0,011237312
    SubSpace       93,95        2,04       87,68       92,65        4,14    -0,010711826
  Persistent       17,90        1,61      -67,31        0,00        0,14    -0,000363798
         DWM       84,76        1,76       68,93       81,41        8,27    -0,021383231
         ARF       88,49        1,90       76,53       85,96        6,34    -0,016411327
DATASET: data/SEA_G.arff
  Classifier    Accuracy    SD-Accu.     Kappa M     kappa T        Time       RAM-Hours
----------------------------------------------------------------------------------------
    DDRandSM       86,46        2,47       72,12       82,88        1,80    -0,004648528
  DDSubSpace       99,51        2,13       99,00       99,41        1,64    -0,004244309
   RSubSpace       78,74        1,71       56,24       73,22        4,41    -0,011399000
    SubSpace       93,82        2,03       87,29       92,25        4,19    -0,010833092
  Persistent       20,25        4,78      -64,16        0,00        0,16    -0,000404220
         DWM       86,03        1,54       71,23       82,34        3,27    -0,008448195
         ARF       88,12        1,93       75,52       84,92        6,36    -0,016451749
DATASET: data/AGR_A.arff
  Classifier    Accuracy    SD-Accu.     Kappa M     kappa T        Time       RAM-Hours
----------------------------------------------------------------------------------------
    DDRandSM       72,63       13,57   -Infinity       72,63        4,02    -0,010388451
  DDSubSpace       81,66       11,46   -Infinity       81,66        3,20    -0,008286507
   RSubSpace       61,15        7,27   -Infinity       61,15       13,81    -0,035733036
    SubSpace       58,25        8,88   -Infinity       58,25        7,39    -0,019119600
  Persistent        0,00        0,02   -Infinity        0,00        0,19    -0,000485064
         DWM       73,01       12,17   -Infinity       73,01        3,27    -0,008448195
         ARF       79,76        9,47   -Infinity       79,76       15,97    -0,041311270
DATASET: data/AGR_G.arff
  Classifier    Accuracy    SD-Accu.     Kappa M     kappa T        Time       RAM-Hours
----------------------------------------------------------------------------------------
    DDRandSM       84,28        9,52   -Infinity       83,08        3,91    -0,010105497
  DDSubSpace       79,93       10,74   -Infinity       78,63        2,95    -0,007639755
   RSubSpace       59,99        7,82   -Infinity       57,89       14,06    -0,036379788
    SubSpace       56,95        8,70   -Infinity       54,71        7,39    -0,019119600
  Persistent        3,72        7,05   -Infinity        0,00        0,19    -0,000485064
         DWM       72,00       12,02   -Infinity       70,41        3,11    -0,008043975
         ARF       77,03       10,02   -Infinity       75,57       16,13    -0,041715490
DATASET: data/HYPER.arff
  Classifier    Accuracy    SD-Accu.     Kappa M     kappa T        Time       RAM-Hours
----------------------------------------------------------------------------------------
    DDRandSM       83,82        2,12       66,59       67,50        3,94    -0,010186341
  DDSubSpace       98,19        3,65       96,24       96,34        2,69    -0,006952582
   RSubSpace       75,07        1,55       48,54       49,95        6,50    -0,016815546
    SubSpace       93,84        2,60       87,29       87,65        4,78    -0,012369128
  Persistent       50,15        1,46       -2,90        0,00        0,42    -0,001091394
         DWM       90,21        1,50       79,79       80,34        4,53    -0,011722376
         ARF       82,50        2,24       63,86       64,85       10,44    -0,027001887
DATASET: data/RBF_M.arff
  Classifier    Accuracy    SD-Accu.     Kappa M     kappa T        Time       RAM-Hours
----------------------------------------------------------------------------------------
    DDRandSM       71,59        7,20       59,32       63,26        5,94    -0,015360355
  DDSubSpace       65,33       14,90       50,36       55,12        3,36    -0,008690727
   RSubSpace       44,78        3,82       20,93       28,58        7,67    -0,019847195
    SubSpace       71,79        6,83       59,63       63,52        5,58    -0,014430649
  Persistent       22,66        1,30      -10,72        0,00        0,44    -0,001131816
         DWM       56,63        4,75       37,90       43,91       15,44    -0,039936923
         ARF       80,98        5,77       72,76       75,41        9,78    -0,025304164
DATASET: data/RBF_F.arff
  Classifier    Accuracy    SD-Accu.     Kappa M     kappa T        Time       RAM-Hours
----------------------------------------------------------------------------------------
    DDRandSM       52,59        5,26       32,14       38,70        5,70    -0,014754025
  DDSubSpace       88,60       14,60       83,71       85,30        3,48    -0,009014103
   RSubSpace       45,93        3,01       22,58       30,06        7,73    -0,020008883
    SubSpace       71,48        6,54       59,18       63,09        5,56    -0,014390227
  Persistent       22,66        1,30      -10,72        0,00        0,42    -0,001091394
         DWM       53,89        4,46       33,98       40,35        9,09    -0,023525596
         ARF       66,81        4,38       52,47       57,07       10,56    -0,027325263
DATASET: data/LED_A.arff
  Classifier    Accuracy    SD-Accu.     Kappa M     kappa T        Time       RAM-Hours
----------------------------------------------------------------------------------------
    DDRandSM       66,99        7,40       62,66       63,46        4,03    -0,010428873
  DDSubSpace       69,45        7,19       65,44       66,18        4,39    -0,011358578
   RSubSpace       49,68        2,60       43,10       44,28        8,80    -0,022757579
    SubSpace       63,49        3,53       58,71       59,57       11,39    -0,029467628
  Persistent        9,67        0,76       -2,15        0,00        0,23    -0,000606330
         DWM       73,24        2,01       69,74       70,37       15,78    -0,040826207
         ARF       70,28        5,33       66,38       67,09        6,20    -0,016047529
DATASET: data/LED_G.arff
  Classifier    Accuracy    SD-Accu.     Kappa M     kappa T        Time       RAM-Hours
----------------------------------------------------------------------------------------
    DDRandSM       68,38        5,74       64,21       65,00        4,06    -0,010509717
  DDSubSpace       67,70        6,06       63,44       64,25        4,38    -0,011318156
   RSubSpace       48,22        3,35       41,39       42,68        8,78    -0,022717157
    SubSpace       62,59        3,95       57,67       58,60       11,44    -0,029588894
  Persistent        9,64        0,90       -2,26        0,00        0,23    -0,000606330
         DWM       72,57        2,89       68,96       69,64       14,98    -0,038764685
         ARF       68,98        4,83       64,89       65,67        6,03    -0,015602887
DATASET: data/weather.arff
  Classifier    Accuracy    SD-Accu.     Kappa M     kappa T        Time       RAM-Hours
----------------------------------------------------------------------------------------
    DDRandSM       75,96        2,11       23,56       25,00        0,52    -0,001333926
  DDSubSpace       98,62        4,75       95,59       95,73        0,28    -0,000727596
   RSubSpace       73,67        2,19       16,34       17,91        1,00    -0,002587007
    SubSpace       96,25        1,77       88,36       88,38        0,78    -0,002021099
  Persistent       67,92        1,98       -2,10        0,00        0,03    -0,000080844
         DWM       69,82        2,86        3,55        5,58        0,67    -0,001738145
         ARF       78,33        1,93       31,20       32,48        1,69    -0,004365575
DATASET: data/elecNormNew.arff
  Classifier    Accuracy    SD-Accu.     Kappa M     kappa T        Time       RAM-Hours
----------------------------------------------------------------------------------------
    DDRandSM       88,00        2,55       70,82       15,58        1,75    -0,004527263
  DDSubSpace       97,71        3,83       94,67       84,84        0,83    -0,002142365
   RSubSpace       88,22        1,82       71,49       16,95        3,06    -0,007922709
    SubSpace       97,42        0,78       93,75       82,40        1,91    -0,004931482
  Persistent       85,37        2,42       64,32        0,00        0,06    -0,000161688
         DWM       79,60        4,98       50,74      -45,30        0,89    -0,002304053
         ARF       88,31        2,64       71,34       17,48        4,61    -0,011924486

AVERAGE RESULTS:
  Classifier    Accuracy
------------------------
  DDSubSpace       87,13
         ARF       80,14
    SubSpace       79,58
    DDRandSM       77,17
         DWM       75,35
   RSubSpace       66,32
  Persistent       26,83
