     SEAFD_A    5.61,    8.92,   16.66,   14.02
     SEAFD_G    4.29,    8.20,   14.72,   14.29
       SEA_A    2.91,    2.76,   11.57,    9.72
       SEA_G    3.04,    2.81,    4.62,    9.55
       AGR_A    4.94,    7.17,    4.79,   24.49
       AGR_G    5.07,    7.44,    4.49,   24.77
       HYPER    9.95,    8.21,    6.37,   15.57
       RBF_M   12.22,   12.84,   20.76,   15.08
       RBF_F   12.24,   12.56,   12.20,   15.09
       LED_A    8.79,   11.77,   22.02,    8.83
       LED_G    8.63,   11.94,   22.07,    8.54
     weather    0.84,    0.88,    0.88,    2.50
 elecNormNew    2.34,    2.81,    1.32,    7.47
