DATASET: data/SEAFD_A.arff
  Classifier    Accuracy    SD-Accu.     Kappa M     kappa T        Time       RAM-Hours
----------------------------------------------------------------------------------------
     DDBasic       66,09        8,83       30,88       58,53        2,52    -0,065079399
      DD_RSM       80,68        4,53       60,62       76,36       16,67    -0,431302599
    DD+FS_SM       83,28        6,76       65,89       79,54       13,25    -0,342778448
         RSM       80,08        3,21       59,40       75,61       14,36    -0,371478058
       FS_SM       85,71        3,42       70,86       82,50        9,06    -0,234447523
         ARF       85,97        3,57       71,37       82,83       99,39    -2,571242577
DATASET: data/SEAFD_G.arff
  Classifier    Accuracy    SD-Accu.     Kappa M     kappa T        Time       RAM-Hours
----------------------------------------------------------------------------------------
     DDBasic       68,68        7,07       35,61       60,25        1,73    -0,044868405
      DD_RSM       81,53        2,55       62,05       76,51       14,69    -0,379966675
    DD+FS_SM       83,09        4,39       65,24       78,37       11,02    -0,284975007
         RSM       79,78        3,45       58,44       74,38       12,80    -0,331056071
       FS_SM       85,11        2,46       69,39       80,99        8,27    -0,213832310
         ARF       85,74        2,42       70,67       81,81      100,88    -2,609643464
DATASET: data/SEA_A.arff
  Classifier    Accuracy    SD-Accu.     Kappa M     kappa T        Time       RAM-Hours
----------------------------------------------------------------------------------------
     DDBasic       81,95        2,18       63,21       77,99        1,78    -0,046081065
      DD_RSM       82,32        2,41       63,97       78,45        7,06    -0,182707380
    DD+FS_SM       86,57        2,48       72,63       83,63        7,11    -0,183920040
         RSM       79,69        2,90       58,62       75,24        6,08    -0,157241528
       FS_SM       84,95        1,16       69,33       81,64        7,09    -0,183515820
         ARF       88,32        2,01       76,19       85,75       71,27    -1,843646815
DATASET: data/SEA_G.arff
  Classifier    Accuracy    SD-Accu.     Kappa M     kappa T        Time       RAM-Hours
----------------------------------------------------------------------------------------
     DDBasic       81,96        2,02       62,86       77,28        1,66    -0,042847306
      DD_RSM       81,24        2,11       61,36       76,33        6,77    -0,175027203
    DD+FS_SM       86,63        2,04       72,45       83,06        7,03    -0,181898940
         RSM       79,56        3,05       57,93       74,18        6,36    -0,164517486
       FS_SM       84,88        1,27       68,86       80,90        7,20    -0,186345359
         ARF       88,01        2,00       75,30       84,78       72,55    -1,876792845
DATASET: data/LED_A.arff
  Classifier    Accuracy    SD-Accu.     Kappa M     kappa T        Time       RAM-Hours
----------------------------------------------------------------------------------------
     DDBasic       33,71        8,49       25,04       26,61        3,00    -0,077610215
      DD_RSM       60,88        7,62       55,75       56,69       15,84    -0,409878946
    DD+FS_SM       63,00        7,70       58,15       59,04       17,94    -0,464044408
         RSM       60,35        4,89       55,17       56,09       15,45    -0,399773449
       FS_SM       73,02        2,71       69,49       70,13       23,22    -0,600670723
         ARF       69,97        4,51       66,03       66,75       70,84    -1,832732879
DATASET: data/LED_G.arff
  Classifier    Accuracy    SD-Accu.     Kappa M     kappa T        Time       RAM-Hours
----------------------------------------------------------------------------------------
     DDBasic       33,38        8,08       24,59       26,26        2,72    -0,070334257
      DD_RSM       60,56        7,29       55,36       56,35       15,66    -0,405028307
    DD+FS_SM       63,03        6,50       58,15       59,08       17,20    -0,445046074
         RSM       59,03        5,89       53,63       54,64       16,05    -0,415133804
       FS_SM       72,39        3,06       68,74       69,43       25,28    -0,654027746
         ARF       69,36        4,70       65,31       66,08       69,84    -1,806862808
DATASET: data/weather.arff
  Classifier    Accuracy    SD-Accu.     Kappa M     kappa T        Time       RAM-Hours
----------------------------------------------------------------------------------------
     DDBasic       70,68        2,87        7,06        8,66        0,23    -0,006063298
      DD_RSM       73,71        2,06       16,33       17,97        1,88    -0,048506384
    DD+FS_SM       73,99        2,18       17,28       18,86        1,81    -0,046889505
         RSM       73,23        2,86       15,21       16,64        1,72    -0,044464185
       FS_SM       73,64        2,16       16,09       17,73        1,78    -0,046081065
         ARF       78,17        2,12       30,64       31,94       16,72    -0,432515258
DATASET: data/elecNormNew.arff
  Classifier    Accuracy    SD-Accu.     Kappa M     kappa T        Time       RAM-Hours
----------------------------------------------------------------------------------------
     DDBasic       80,33        4,38       52,46      -37,86        0,70    -0,018189894
      DD_RSM       83,91        3,27       60,90      -12,53        5,73    -0,148348691
    DD+FS_SM       83,16        3,24       59,18      -18,14        4,61    -0,119244861
         RSM       84,24        4,28       61,52      -10,18        5,34    -0,138243195
       FS_SM       83,69        3,61       60,63      -14,54        4,44    -0,114798442
         ARF       87,81        2,50       70,17       14,21       46,36    -1,199320347

AVERAGE RESULTS:
  Classifier    Accuracy
------------------------
         ARF       81,67
       FS_SM       80,42
    DD+FS_SM       77,84
      DD_RSM       75,60
         RSM       74,49
     DDBasic       64,60
