DATASET: data/SEAFD_A.arff
  Classifier    Accuracy    SD-Accu.     Kappa M     kappa T        Time       RAM-Hours
----------------------------------------------------------------------------------------
     DDBasic       66,09        8,83       30,88       58,53        2,22    -0,057399221
      DD_RSM       80,84        4,82       60,95       76,55       15,02    -0,388455293
    DD+FS_SM       76,34        5,59       51,77       71,06       12,42    -0,321354795
         RSM       68,91        1,87       36,63       61,95       48,89    -1,264803965
       FS_SM       70,83        1,71       40,55       64,30       38,13    -0,986296477
         ARF       85,97        3,57       71,37       82,83       97,61    -2,525161512
DATASET: data/SEAFD_G.arff
  Classifier    Accuracy    SD-Accu.     Kappa M     kappa T        Time       RAM-Hours
----------------------------------------------------------------------------------------
     DDBasic       68,68        7,07       35,61       60,25        1,72    -0,044464185
      DD_RSM       81,46        2,54       61,89       76,41       15,53    -0,401794548
    DD+FS_SM       78,06        3,98       54,90       72,03       13,20    -0,341565788
         RSM       68,53        1,98       35,33       60,13       52,56    -1,359795634
       FS_SM       69,31        3,35       36,95       60,95       40,89    -1,057843393
         ARF       85,74        2,42       70,67       81,81       99,83    -2,582560733
DATASET: data/SEA_A.arff
  Classifier    Accuracy    SD-Accu.     Kappa M     kappa T        Time       RAM-Hours
----------------------------------------------------------------------------------------
     DDBasic       81,95        2,18       63,21       77,99        1,66    -0,042847306
      DD_RSM       80,83        2,03       60,92       76,62        6,61    -0,170985004
    DD+FS_SM       80,44        3,10       60,13       76,15        8,36    -0,216257629
         RSM       72,45        1,92       43,86       66,41       28,44    -0,735680159
       FS_SM       71,26        1,77       41,44       64,96       29,70    -0,768421968
         ARF       88,32        2,01       76,19       85,75       67,31    -1,741379189
DATASET: data/SEA_G.arff
  Classifier    Accuracy    SD-Accu.     Kappa M     kappa T        Time       RAM-Hours
----------------------------------------------------------------------------------------
     DDBasic       81,96        2,02       62,86       77,28        2,05    -0,052952803
      DD_RSM       81,06        1,84       60,98       76,11        7,31    -0,189174898
    DD+FS_SM       80,42        2,72       59,68       75,31        8,89    -0,230001105
         RSM       72,34        1,99       43,05       65,18       30,25    -0,782569663
       FS_SM       71,29        1,68       40,89       63,84       31,58    -0,816928352
         ARF       88,01        2,00       75,30       84,78       68,98    -1,784630715
DATASET: data/LED_A.arff
  Classifier    Accuracy    SD-Accu.     Kappa M     kappa T        Time       RAM-Hours
----------------------------------------------------------------------------------------
     DDBasic       33,71        8,49       25,04       26,61        2,91    -0,075184895
      DD_RSM       60,26        7,87       55,06       56,01       16,03    -0,414729584
    DD+FS_SM       62,29        7,72       57,34       58,25       16,67    -0,431302599
         RSM       31,61        1,76       22,67       24,29       58,50    -1,513399184
       FS_SM       44,07        2,15       36,75       38,07       82,09    -2,123771184
         ARF       69,97        4,51       66,03       66,75       72,47    -1,874771745
DATASET: data/LED_G.arff
  Classifier    Accuracy    SD-Accu.     Kappa M     kappa T        Time       RAM-Hours
----------------------------------------------------------------------------------------
     DDBasic       33,38        8,08       24,59       26,26        2,75    -0,071142697
      DD_RSM       60,78        6,76       55,61       56,60       17,20    -0,445046074
    DD+FS_SM       62,19        6,83       57,20       58,15       17,95    -0,464448628
         RSM       31,12        1,98       22,05       23,76       60,94    -1,576457483
       FS_SM       43,43        3,05       35,98       37,38       86,06    -2,226443030
         ARF       69,36        4,70       65,31       66,08       78,20    -2,023120437
DATASET: data/weather.arff
  Classifier    Accuracy    SD-Accu.     Kappa M     kappa T        Time       RAM-Hours
----------------------------------------------------------------------------------------
     DDBasic       70,68        2,87        7,06        8,66        0,25    -0,006467518
      DD_RSM       73,14        1,86       14,60       16,21        2,03    -0,052548583
    DD+FS_SM       71,93        2,18       10,91       12,49        2,06    -0,053357023
         RSM       71,58        2,10        9,71       11,40        7,20    -0,186345359
       FS_SM       71,62        2,24        9,92       11,53        7,11    -0,183920040
         ARF       78,17        2,12       30,64       31,94       17,84    -0,461619089
DATASET: data/elecNormNew.arff
  Classifier    Accuracy    SD-Accu.     Kappa M     kappa T        Time       RAM-Hours
----------------------------------------------------------------------------------------
     DDBasic       80,33        4,38       52,46      -37,86        0,69    -0,017785674
      DD_RSM       85,56        2,33       64,90       -2,03        6,02    -0,155624649
    DD+FS_SM       86,57        2,49       67,39        4,43        5,25    -0,135817875
         RSM       85,29        1,46       64,40       -3,04       18,08    -0,467682387
       FS_SM       86,89        1,49       68,27        7,65       17,95    -0,464448628
         ARF       87,81        2,50       70,17       14,21       50,39    -1,303609073

AVERAGE RESULTS:
  Classifier    Accuracy
------------------------
         ARF       81,67
      DD_RSM       75,49
    DD+FS_SM       74,78
       FS_SM       66,09
     DDBasic       64,60
         RSM       62,73
