DATASET: data/SEAFD_A.arff
  Classifier    Accuracy    SD-Accu.     Kappa M     kappa T        Time       RAM-Hours
----------------------------------------------------------------------------------------
     DDBasic       66,09        8,83       30,88       58,53        2,28    -0,059016101
      DD_RSM       84,22        3,48       67,82       80,68       54,27    -1,403855600
    DD+FS_SM       80,87        6,00       61,00       76,59       43,23    -1,118476373
         RSM       84,82        1,91       69,05       81,41       42,31    -1,094627401
       FS_SM       86,77        5,15       73,02       83,81       22,52    -0,582480829
         ARF       85,97        3,57       71,37       82,83       99,06    -2,562753960
DATASET: data/SEAFD_G.arff
  Classifier    Accuracy    SD-Accu.     Kappa M     kappa T        Time       RAM-Hours
----------------------------------------------------------------------------------------
     DDBasic       68,68        7,07       35,61       60,25        1,67    -0,043251526
      DD_RSM       83,97        2,43       67,05       79,60       54,48    -1,409514678
    DD+FS_SM       84,07        3,10       67,25       79,68       42,27    -1,093414741
         RSM       85,06        1,79       69,29       81,02       43,27    -1,119284813
       FS_SM       86,77        2,33       72,79       83,09       23,09    -0,597436964
         ARF       85,74        2,42       70,67       81,81      100,25    -2,593474670
DATASET: data/SEA_A.arff
  Classifier    Accuracy    SD-Accu.     Kappa M     kappa T        Time       RAM-Hours
----------------------------------------------------------------------------------------
     DDBasic       81,95        2,18       63,21       77,99        1,64    -0,042443086
      DD_RSM       85,56        2,28       70,55       82,38       24,61    -0,636646291
    DD+FS_SM       87,08        2,57       73,66       84,24       24,98    -0,646347568
         RSM       86,20        1,49       71,87       83,17       19,19    -0,496381997
       FS_SM       87,69        1,32       74,90       84,98       20,91    -0,540846183
         ARF       88,32        2,01       76,19       85,75       71,83    -1,858198731
DATASET: data/SEA_G.arff
  Classifier    Accuracy    SD-Accu.     Kappa M     kappa T        Time       RAM-Hours
----------------------------------------------------------------------------------------
     DDBasic       81,96        2,02       62,86       77,28        1,67    -0,043251526
      DD_RSM       86,13        2,26       71,43       82,46       24,48    -0,633412532
    DD+FS_SM       87,06        2,39       73,34       83,60       24,94    -0,645134908
         RSM       85,92        1,63       71,02       82,18       19,33    -0,500019976
       FS_SM       87,36        1,54       73,98       83,99       20,66    -0,534378665
         ARF       88,01        2,00       75,30       84,78       72,56    -1,877197064
DATASET: data/LED_A.arff
  Classifier    Accuracy    SD-Accu.     Kappa M     kappa T        Time       RAM-Hours
----------------------------------------------------------------------------------------
     DDBasic       33,71        8,49       25,04       26,61        3,06    -0,079227094
      DD_RSM       64,68        7,86       60,05       60,89       62,94    -1,628197626
    DD+FS_SM       65,99        7,78       61,53       62,35       65,95    -1,706212061
         RSM       70,21        3,47       66,31       67,02       45,63    -1,180322013
       FS_SM       73,00        3,24       69,47       70,10       67,50    -1,746229827
         ARF       69,97        4,51       66,03       66,75       74,17    -1,918831711
DATASET: data/LED_G.arff
  Classifier    Accuracy    SD-Accu.     Kappa M     kappa T        Time       RAM-Hours
----------------------------------------------------------------------------------------
     DDBasic       33,38        8,08       24,59       26,26        2,84    -0,073568016
      DD_RSM       64,10        7,14       59,37       60,27       61,27    -1,584946100
    DD+FS_SM       66,26        7,04       61,81       62,66       66,05    -1,708637380
         RSM       69,76        3,81       65,77       66,52       46,16    -1,194065488
       FS_SM       72,48        3,24       68,85       69,54       68,09    -1,761590182
         ARF       69,36        4,70       65,31       66,08       74,17    -1,918831711
DATASET: data/weather.arff
  Classifier    Accuracy    SD-Accu.     Kappa M     kappa T        Time       RAM-Hours
----------------------------------------------------------------------------------------
     DDBasic       70,68        2,87        7,06        8,66        0,25    -0,006467518
      DD_RSM       76,32        2,21       24,52       26,10        6,17    -0,159666848
    DD+FS_SM       76,29        2,23       24,49       26,02        6,03    -0,156028869
         RSM       76,01        2,16       23,56       25,17        5,45    -0,141072734
       FS_SM       76,16        2,27       24,05       25,61        5,58    -0,144306493
         ARF       78,17        2,12       30,64       31,94       16,89    -0,436961677
DATASET: data/elecNormNew.arff
  Classifier    Accuracy    SD-Accu.     Kappa M     kappa T        Time       RAM-Hours
----------------------------------------------------------------------------------------
     DDBasic       80,33        4,38       52,46      -37,86        0,88    -0,022636313
      DD_RSM       84,73        3,22       62,70       -6,83       18,61    -0,481425862
    DD+FS_SM       83,75        3,36       60,61      -13,54       15,88    -0,410687385
         RSM       85,76        3,03       65,20        0,26       16,67    -0,431302599
       FS_SM       84,04        3,40       61,39      -11,40       14,44    -0,373499158
         ARF       87,81        2,50       70,17       14,21       47,09    -1,218318681

AVERAGE RESULTS:
  Classifier    Accuracy
------------------------
       FS_SM       81,78
         ARF       81,67
         RSM       80,47
    DD+FS_SM       78,92
      DD_RSM       78,71
     DDBasic       64,60
