DATASET: data/SEAFD_A.arff
  Classifier    Accuracy    SD-Accu.     Kappa M     kappa T        Time       RAM-Hours
----------------------------------------------------------------------------------------
    DDRandSM       85,33        4,14       70,10       82,04        5,56    -0,014390227
  DDSubSpace       84,77        4,85       68,95       81,36        4,83    -0,012490394
   RSubSpace       85,36        2,54       70,15       82,08        4,20    -0,010873514
    SubSpace       87,00        4,67       73,48       84,08        2,58    -0,006669628
  Persistent       18,21        1,60      -66,71        0,00        0,52    -0,001333926
         DWM       84,25        3,49       67,90       80,72       11,91    -0,030801554
         ARF       86,34        3,17       72,13       83,28        9,34    -0,024172348
DATASET: data/SEAFD_G.arff
  Classifier    Accuracy    SD-Accu.     Kappa M     kappa T        Time       RAM-Hours
----------------------------------------------------------------------------------------
    DDRandSM       83,32        4,88       65,72       78,78        4,94    -0,012773348
  DDSubSpace       85,37        2,73       69,91       81,33        4,70    -0,012167018
   RSubSpace       84,20        3,12       67,56       80,05        4,30    -0,011116046
    SubSpace       87,03        2,05       73,33       83,45        2,53    -0,006548362
  Persistent       20,57        4,78      -63,17        0,00        0,50    -0,001293504
         DWM       83,61        2,27       66,30       79,18       10,77    -0,027850749
         ARF       85,92        2,34       71,04       82,05        9,59    -0,024819100
DATASET: data/SEA_A.arff
  Classifier    Accuracy    SD-Accu.     Kappa M     kappa T        Time       RAM-Hours
----------------------------------------------------------------------------------------
    DDRandSM       87,04        2,84       73,57       84,19        2,00    -0,005174014
  DDSubSpace       87,70        3,26       74,93       85,00        2,13    -0,005497390
   RSubSpace       86,48        1,72       72,43       83,51        1,80    -0,004648528
    SubSpace       87,76        1,38       75,05       85,06        2,02    -0,005214436
  Persistent       17,90        1,61      -67,31        0,00        0,14    -0,000363798
         DWM       84,76        1,76       68,93       81,41        8,27    -0,021383231
         ARF       88,49        1,90       76,53       85,96        6,22    -0,016087951
DATASET: data/SEA_G.arff
  Classifier    Accuracy    SD-Accu.     Kappa M     kappa T        Time       RAM-Hours
----------------------------------------------------------------------------------------
    DDRandSM       86,36        2,32       71,90       82,75        1,94    -0,005012326
  DDSubSpace       86,59        2,64       72,36       83,02        2,09    -0,005416546
   RSubSpace       85,63        1,97       70,42       81,85        1,77    -0,004567685
    SubSpace       87,46        1,56       74,17       84,12        1,97    -0,005093170
  Persistent       20,25        4,78      -64,16        0,00        0,14    -0,000363798
         DWM       86,03        1,54       71,23       82,34        3,28    -0,008488617
         ARF       88,12        1,93       75,52       84,92        6,41    -0,016573015
DATASET: data/AGR_A.arff
  Classifier    Accuracy    SD-Accu.     Kappa M     kappa T        Time       RAM-Hours
----------------------------------------------------------------------------------------
    DDRandSM       73,51       13,18   -Infinity       73,51        4,11    -0,010630983
  DDSubSpace       83,63       11,56   -Infinity       83,63        3,92    -0,010145919
   RSubSpace       82,58       11,10   -Infinity       82,58        4,39    -0,011358578
    SubSpace       84,63       11,36   -Infinity       84,62        2,91    -0,007518490
  Persistent        0,00        0,02   -Infinity        0,00        0,19    -0,000485064
         DWM       73,01       12,17   -Infinity       73,01        3,36    -0,008690727
         ARF       79,76        9,47   -Infinity       79,76       15,86    -0,041028317
DATASET: data/AGR_G.arff
  Classifier    Accuracy    SD-Accu.     Kappa M     kappa T        Time       RAM-Hours
----------------------------------------------------------------------------------------
    DDRandSM       76,93       10,95   -Infinity       75,58        4,36    -0,011277734
  DDSubSpace       80,50       11,42   -Infinity       79,26        4,03    -0,010428873
   RSubSpace       81,19       10,06   -Infinity       79,89        4,30    -0,011116046
    SubSpace       83,01       11,49   -Infinity       81,74        3,14    -0,008124819
  Persistent        3,72        7,05   -Infinity        0,00        0,20    -0,000525486
         DWM       72,00       12,02   -Infinity       70,41        3,13    -0,008084397
         ARF       77,03       10,02   -Infinity       75,57       16,00    -0,041392114
DATASET: data/HYPER.arff
  Classifier    Accuracy    SD-Accu.     Kappa M     kappa T        Time       RAM-Hours
----------------------------------------------------------------------------------------
    DDRandSM       81,44        2,08       61,67       62,73        4,42    -0,011439422
  DDSubSpace       83,05        2,68       65,01       65,98        6,44    -0,016653859
   RSubSpace       81,32        3,27       61,41       62,50        4,41    -0,011399000
    SubSpace       85,33        2,14       69,71       70,53        6,36    -0,016451749
  Persistent       50,15        1,46       -2,90        0,00        0,44    -0,001131816
         DWM       90,21        1,50       79,79       80,34        4,58    -0,011843642
         ARF       82,50        2,24       63,86       64,85       10,27    -0,026557245
DATASET: data/RBF_M.arff
  Classifier    Accuracy    SD-Accu.     Kappa M     kappa T        Time       RAM-Hours
----------------------------------------------------------------------------------------
    DDRandSM       67,92        5,16       54,05       58,50        6,73    -0,017421876
  DDSubSpace       72,86        5,90       61,13       64,90        6,86    -0,017745252
   RSubSpace       69,68        6,84       56,60       60,80        5,41    -0,013986007
    SubSpace       75,17        9,14       64,45       67,90        8,45    -0,021868295
  Persistent       22,66        1,30      -10,72        0,00        0,45    -0,001172238
         DWM       56,63        4,75       37,90       43,91       15,78    -0,040826207
         ARF       80,98        5,77       72,76       75,41        9,88    -0,025546696
DATASET: data/RBF_F.arff
  Classifier    Accuracy    SD-Accu.     Kappa M     kappa T        Time       RAM-Hours
----------------------------------------------------------------------------------------
    DDRandSM       42,87        5,66       18,20       26,10        6,31    -0,016330483
  DDSubSpace       49,20        5,23       27,27       34,29        7,23    -0,018715380
   RSubSpace       55,47        4,50       36,24       42,40        5,13    -0,013258412
    SubSpace       60,45        5,63       43,36       48,84        8,23    -0,021302387
  Persistent       22,66        1,30      -10,72        0,00        0,44    -0,001131816
         DWM       53,89        4,46       33,98       40,35        9,61    -0,024859522
         ARF       66,81        4,38       52,47       57,07       10,48    -0,027123153
DATASET: data/LED_A.arff
  Classifier    Accuracy    SD-Accu.     Kappa M     kappa T        Time       RAM-Hours
----------------------------------------------------------------------------------------
    DDRandSM       64,50        8,52       59,84       60,70        4,41    -0,011399000
  DDSubSpace       66,04        9,16       61,59       62,41        4,66    -0,012045752
   RSubSpace       70,61        3,11       66,76       67,45        4,14    -0,010711826
    SubSpace       73,05        3,04       69,52       70,15        5,89    -0,015239089
  Persistent        9,67        0,76       -2,15        0,00        0,23    -0,000606330
         DWM       73,24        2,01       69,74       70,37       15,53    -0,040179455
         ARF       70,28        5,33       66,38       67,09        6,03    -0,015602887
DATASET: data/LED_G.arff
  Classifier    Accuracy    SD-Accu.     Kappa M     kappa T        Time       RAM-Hours
----------------------------------------------------------------------------------------
    DDRandSM       64,31        7,53       59,60       60,51        4,45    -0,011520266
  DDSubSpace       65,31        8,05       60,74       61,61        4,44    -0,011479844
   RSubSpace       70,22        3,77       66,29       67,03        4,25    -0,010994780
    SubSpace       72,49        3,30       68,86       69,54        6,17    -0,015966685
  Persistent        9,64        0,90       -2,26        0,00        0,25    -0,000646752
         DWM       72,57        2,89       68,96       69,64       14,63    -0,037834980
         ARF       68,98        4,83       64,89       65,67        5,92    -0,015319933
DATASET: data/weather.arff
  Classifier    Accuracy    SD-Accu.     Kappa M     kappa T        Time       RAM-Hours
----------------------------------------------------------------------------------------
    DDRandSM       75,99        2,17       23,46       25,08        0,59    -0,001536035
  DDSubSpace       76,26        2,40       24,52       25,99        0,59    -0,001536035
   RSubSpace       76,21        2,16       24,05       25,76        0,53    -0,001374348
    SubSpace       76,71        2,38       26,03       27,38        0,53    -0,001374348
  Persistent       67,92        1,98       -2,10        0,00        0,03    -0,000080844
         DWM       69,82        2,86        3,55        5,58        0,64    -0,001657301
         ARF       78,33        1,93       31,20       32,48        1,66    -0,004284731
DATASET: data/elecNormNew.arff
  Classifier    Accuracy    SD-Accu.     Kappa M     kappa T        Time       RAM-Hours
----------------------------------------------------------------------------------------
    DDRandSM       85,86        4,08       65,24        1,42        1,73    -0,004486841
  DDSubSpace       84,46        3,61       62,45       -8,57        1,52    -0,003920933
   RSubSpace       85,46        3,56       64,55       -1,24        1,66    -0,004284731
    SubSpace       84,53        3,62       62,56       -7,85        1,38    -0,003557135
  Persistent       85,37        2,42       64,32        0,00        0,05    -0,000121266
         DWM       79,60        4,98       50,74      -45,30        0,91    -0,002344475
         ARF       88,31        2,64       71,34       17,48        4,50    -0,011641532

AVERAGE RESULTS:
  Classifier    Accuracy
------------------------
    SubSpace       80,35
         ARF       80,14
   RSubSpace       78,03
  DDSubSpace       77,36
         DWM       75,35
    DDRandSM       75,03
  Persistent       26,83
