DATASET: data/SEAFD_A.arff
  Classifier    Accuracy    SD-Accu.     Kappa M     kappa T        Time       RAM-Hours
----------------------------------------------------------------------------------------
    DD_Hoeff       86,83        1,99       73,14       83,87        1,44    -0,003718823
 HoeffEnsmbl       87,29        2,37       74,09       84,44        8,11    -0,020979011
DD_HffEnsmbl       88,10        2,34       75,74       85,43        6,97    -0,018028206
      DD_RSM       84,09        5,07       67,59       80,53        4,64    -0,012005330
    DD+FS_SM       84,77        4,85       68,95       81,36        4,45    -0,011520266
         RSM       86,39        2,71       72,25       83,33        4,06    -0,010509717
       FS_SM       87,00        4,67       73,48       84,08        2,52    -0,006507940
        HEFT       82,12        6,26       63,48       78,13        1,91    -0,004931482
         ARF       86,34        3,17       72,13       83,28        9,30    -0,024051082
DATASET: data/SEAFD_G.arff
  Classifier    Accuracy    SD-Accu.     Kappa M     kappa T        Time       RAM-Hours
----------------------------------------------------------------------------------------
    DD_Hoeff       87,20        1,46       73,70       83,78        0,81    -0,002101943
 HoeffEnsmbl       87,65        1,46       74,61       84,31        7,64    -0,019766352
DD_HffEnsmbl       88,00        1,47       75,34       84,75        7,77    -0,020089727
      DD_RSM       83,65        3,70       66,40       79,20        4,86    -0,012571238
    DD+FS_SM       85,37        2,73       69,91       81,33        4,53    -0,011722376
         RSM       84,55        2,65       68,25       80,42        4,17    -0,010792670
       FS_SM       87,03        2,05       73,33       83,45        2,52    -0,006507940
        HEFT       83,53        3,72       66,11       78,95        2,08    -0,005376124
         ARF       85,92        2,34       71,04       82,05        9,63    -0,024899944
DATASET: data/SEA_A.arff
  Classifier    Accuracy    SD-Accu.     Kappa M     kappa T        Time       RAM-Hours
----------------------------------------------------------------------------------------
    DD_Hoeff       86,60        2,35       72,69       83,66        0,25    -0,000646752
 HoeffEnsmbl       86,13        2,70       71,72       83,09        2,31    -0,005982454
DD_HffEnsmbl       88,15        2,18       75,85       85,56        2,39    -0,006184564
      DD_RSM       86,38        2,85       72,23       83,38        2,03    -0,005254858
    DD+FS_SM       87,70        3,26       74,93       85,00        2,02    -0,005214436
         RSM       86,23        2,30       71,94       83,22        1,81    -0,004688950
       FS_SM       87,76        1,38       75,05       85,06        1,98    -0,005133592
        HEFT       85,18        2,67       69,80       81,93        0,55    -0,001414770
         ARF       88,49        1,90       76,53       85,96        6,17    -0,015966685
DATASET: data/SEA_G.arff
  Classifier    Accuracy    SD-Accu.     Kappa M     kappa T        Time       RAM-Hours
----------------------------------------------------------------------------------------
    DD_Hoeff       86,46        2,18       72,12       82,87        0,28    -0,000727596
 HoeffEnsmbl       86,02        2,51       71,19       82,33        2,22    -0,005739922
DD_HffEnsmbl       87,93        1,89       75,14       84,68        2,39    -0,006184564
      DD_RSM       86,57        2,52       72,32       83,00        1,97    -0,005093170
    DD+FS_SM       86,59        2,64       72,36       83,02        2,05    -0,005295280
         RSM       86,35        2,00       71,91       82,74        1,77    -0,004567685
       FS_SM       87,46        1,56       74,17       84,12        1,91    -0,004931482
        HEFT       85,12        2,75       69,34       81,22        0,53    -0,001374348
         ARF       88,12        1,93       75,52       84,92        6,20    -0,016047529
DATASET: data/covtypeNorm.arff
  Classifier    Accuracy    SD-Accu.     Kappa M     kappa T        Time       RAM-Hours
----------------------------------------------------------------------------------------
    DD_Hoeff       85,70        8,22       49,30     -288,09        2,19    -0,005659078
 HoeffEnsmbl       90,81        8,84       71,14      -82,65       13,69    -0,035409660
DD_HffEnsmbl       88,88        7,88       62,86     -147,41       19,89    -0,051457189
      DD_RSM       90,68        7,37       69,84     -105,64        9,61    -0,024859522
    DD+FS_SM       90,85        7,80       70,77      -90,22        9,14    -0,023646862
         RSM       91,79        7,56       74,37      -59,35        8,83    -0,022838423
       FS_SM       91,26        7,21       71,39      -81,78        6,11    -0,015804997
        HEFT       75,47       14,73       17,49     -569,13        3,38    -0,008731149
         ARF       90,28        8,38       68,91     -100,78       11,19    -0,028942143
DATASET: data/AGR_A.arff
  Classifier    Accuracy    SD-Accu.     Kappa M     kappa T        Time       RAM-Hours
----------------------------------------------------------------------------------------
    DD_Hoeff       84,59       10,68   -Infinity       84,59        0,41    -0,001050972
 HoeffEnsmbl       76,06       13,09   -Infinity       76,06        9,28    -0,024010660
DD_HffEnsmbl       80,87       13,88   -Infinity       80,87        6,59    -0,017058078
      DD_RSM       74,13       13,48   -Infinity       74,13        4,02    -0,010388451
    DD+FS_SM       83,63       11,56   -Infinity       83,63        3,92    -0,010145919
         RSM       82,54       10,10   -Infinity       82,54        4,34    -0,011237312
       FS_SM       84,63       11,36   -Infinity       84,62        2,78    -0,007195114
        HEFT       73,81       11,60   -Infinity       73,81       65,97    -0,170661628
         ARF       79,76        9,47   -Infinity       79,76       15,69    -0,040583675
DATASET: data/AGR_G.arff
  Classifier    Accuracy    SD-Accu.     Kappa M     kappa T        Time       RAM-Hours
----------------------------------------------------------------------------------------
    DD_Hoeff       80,43       13,06   -Infinity       78,95        0,42    -0,001091394
 HoeffEnsmbl       75,24       11,60   -Infinity       73,89        9,31    -0,024091504
DD_HffEnsmbl       76,48       15,34   -Infinity       74,79        7,30    -0,018877068
      DD_RSM       77,03       11,15   -Infinity       75,71        4,38    -0,011318156
    DD+FS_SM       80,50       11,42   -Infinity       79,26        3,98    -0,010307607
         RSM       81,31        9,49   -Infinity       80,06        4,38    -0,011318156
       FS_SM       83,01       11,49   -Infinity       81,74        3,02    -0,007801443
        HEFT       72,18       11,46   -Infinity       70,54       90,84    -0,235013431
         ARF       77,03       10,02   -Infinity       75,57       15,34    -0,039694391
DATASET: data/HYPER.arff
  Classifier    Accuracy    SD-Accu.     Kappa M     kappa T        Time       RAM-Hours
----------------------------------------------------------------------------------------
    DD_Hoeff       87,60        2,51       74,42       75,09        0,80    -0,002061521
 HoeffEnsmbl       84,85        1,72       68,71       69,57        6,97    -0,018028206
DD_HffEnsmbl       85,01        1,81       69,05       69,89        7,73    -0,020008883
      DD_RSM       80,61        2,57       59,97       61,09        4,11    -0,010630983
    DD+FS_SM       83,05        2,68       65,01       65,98        6,08    -0,015724153
         RSM       82,44        2,58       63,74       64,75        3,69    -0,009539589
       FS_SM       85,33        2,14       69,71       70,53        5,58    -0,014430649
        HEFT       86,88        2,82       72,90       73,64        2,92    -0,007558912
         ARF       82,50        2,24       63,86       64,85       10,05    -0,025991337
DATASET: data/RBF_M.arff
  Classifier    Accuracy    SD-Accu.     Kappa M     kappa T        Time       RAM-Hours
----------------------------------------------------------------------------------------
    DD_Hoeff       55,51        6,33       36,27       42,45        1,25    -0,003233759
 HoeffEnsmbl       77,31        6,38       67,50       70,66        9,09    -0,023525596
DD_HffEnsmbl       77,31        6,38       67,50       70,66       11,38    -0,029427206
      DD_RSM       67,97        4,91       54,12       58,56        6,45    -0,016694281
    DD+FS_SM       72,86        5,90       61,13       64,90        6,48    -0,016775124
         RSM       69,94        7,17       56,97       61,15        5,05    -0,013056302
       FS_SM       75,17        9,14       64,45       67,90        7,91    -0,020453525
        HEFT       43,68        4,57       19,37       27,16        5,25    -0,013581788
         ARF       80,98        5,77       72,76       75,41        9,55    -0,024697834
DATASET: data/RBF_F.arff
  Classifier    Accuracy    SD-Accu.     Kappa M     kappa T        Time       RAM-Hours
----------------------------------------------------------------------------------------
    DD_Hoeff       48,92        4,64       26,88       33,90        1,25    -0,003233759
 HoeffEnsmbl       50,38        6,37       28,96       35,82        8,77    -0,022676735
DD_HffEnsmbl       51,80        6,61       30,98       37,62       10,67    -0,027608217
      DD_RSM       47,89        5,71       25,38       32,60        6,09    -0,015764575
    DD+FS_SM       49,20        5,23       27,27       34,29        7,14    -0,018472848
         RSM       54,23        5,08       34,47       40,79        4,98    -0,012894614
       FS_SM       60,45        5,63       43,36       48,84        8,08    -0,020898167
        HEFT       39,18        3,48       12,93       21,34        5,44    -0,014066851
         ARF       66,81        4,38       52,47       57,07       10,25    -0,026516823
DATASET: data/LED_A.arff
  Classifier    Accuracy    SD-Accu.     Kappa M     kappa T        Time       RAM-Hours
----------------------------------------------------------------------------------------
    DD_Hoeff       73,01        2,51       69,47       70,11        0,92    -0,002384897
 HoeffEnsmbl       68,68        6,92       64,58       65,33        7,88    -0,020372681
DD_HffEnsmbl       72,12        3,47       68,47       69,13        9,36    -0,024212770
      DD_RSM       64,28        8,46       59,60       60,46        4,50    -0,011641532
    DD+FS_SM       66,04        9,16       61,59       62,41        4,81    -0,012449972
         RSM       70,25        4,15       66,35       67,06        4,31    -0,011156468
       FS_SM       73,05        3,04       69,52       70,15        6,22    -0,016087951
        HEFT       63,61        5,80       58,84       59,70        6,73    -0,017421876
         ARF       70,28        5,33       66,38       67,09        6,27    -0,016209217
DATASET: data/LED_G.arff
  Classifier    Accuracy    SD-Accu.     Kappa M     kappa T        Time       RAM-Hours
----------------------------------------------------------------------------------------
    DD_Hoeff       72,12        3,63       68,45       69,15        0,97    -0,002506163
 HoeffEnsmbl       68,11        5,63       63,90       64,70        7,98    -0,020655635
DD_HffEnsmbl       71,77        3,70       68,05       68,76        8,56    -0,022151249
      DD_RSM       64,34        7,53       59,64       60,54        4,50    -0,011641532
    DD+FS_SM       65,31        8,05       60,74       61,61        4,66    -0,012045752
         RSM       70,11        4,19       66,17       66,91        4,33    -0,011196890
       FS_SM       72,49        3,30       68,86       69,54        6,31    -0,016330483
        HEFT       62,55        6,38       57,61       58,55        6,69    -0,017300610
         ARF       68,98        4,83       64,89       65,67        6,19    -0,016007107
DATASET: data/weather.arff
  Classifier    Accuracy    SD-Accu.     Kappa M     kappa T        Time       RAM-Hours
----------------------------------------------------------------------------------------
    DD_Hoeff       71,47        2,72        9,15       10,96        0,08    -0,000202110
 HoeffEnsmbl       77,35        2,80       28,19       29,46        0,81    -0,002101943
DD_HffEnsmbl       75,07        3,22       20,25       22,14        0,88    -0,002263631
      DD_RSM       75,92        2,55       23,25       24,89        0,56    -0,001455192
    DD+FS_SM       76,26        2,40       24,52       25,99        0,56    -0,001455192
         RSM       76,07        1,99       23,67       25,34        0,53    -0,001374348
       FS_SM       76,71        2,38       26,03       27,38        0,52    -0,001333926
        HEFT       70,97        2,73        7,80        9,47        0,30    -0,000768018
         ARF       78,33        1,93       31,20       32,48        1,50    -0,003880511
DATASET: data/elecNormNew.arff
  Classifier    Accuracy    SD-Accu.     Kappa M     kappa T        Time       RAM-Hours
----------------------------------------------------------------------------------------
    DD_Hoeff       84,91        3,39       63,38       -7,16        0,20    -0,000525486
 HoeffEnsmbl       85,66        4,08       64,85       -1,56        2,31    -0,005982454
DD_HffEnsmbl       88,39        2,71       71,61       18,20        2,97    -0,007680177
      DD_RSM       85,59        5,04       64,65        0,05        1,89    -0,004891060
    DD+FS_SM       84,46        3,61       62,45       -8,57        1,45    -0,003759245
         RSM       85,84        2,85       65,50        0,49        1,58    -0,004082621
       FS_SM       84,53        3,62       62,56       -7,85        1,31    -0,003395447
        HEFT       76,58        7,12       43,30      -67,61        0,69    -0,001778567
         ARF       88,31        2,64       71,34       17,48        4,38    -0,011318156

AVERAGE RESULTS:
  Classifier    Accuracy
------------------------
       FS_SM       81,13
         ARF       80,87
DD_HffEnsmbl       79,99
         RSM       79,15
 HoeffEnsmbl       78,68
    DD+FS_SM       78,33
    DD_Hoeff       77,95
      DD_RSM       76,37
        HEFT       71,49
