DATASET: data/SEAFD_A.arff
  Classifier    Accuracy    SD-Accu.     Kappa M     kappa T        Time       RAM-Hours
----------------------------------------------------------------------------------------
     DDBasic       66,09        8,83       30,88       58,53        2,05    -0,052952803
      DD_RSM       85,27        3,03       69,97       81,97       48,09    -1,244188752
    DD+FS_SM       83,17        3,63       65,69       79,41       42,55    -1,100690699
         RSM       79,62        1,64       58,45       75,04       79,61    -2,059500225
       FS_SM       78,35        1,51       55,87       73,50       59,38    -1,536035496
         ARF       85,97        3,57       71,37       82,83       87,06    -2,252313101
DATASET: data/SEAFD_G.arff
  Classifier    Accuracy    SD-Accu.     Kappa M     kappa T        Time       RAM-Hours
----------------------------------------------------------------------------------------
     DDBasic       68,68        7,07       35,61       60,25        1,55    -0,040017767
      DD_RSM       84,76        2,18       68,68       80,62       47,98    -1,241359213
    DD+FS_SM       83,46        2,07       66,01       78,97       44,27    -1,145154884
         RSM       78,75        2,03       56,32       73,04       81,55    -2,109623488
       FS_SM       77,06        2,74       52,87       70,80       64,06    -1,657301457
         ARF       85,74        2,42       70,67       81,81      100,63    -2,603175946
DATASET: data/SEA_A.arff
  Classifier    Accuracy    SD-Accu.     Kappa M     kappa T        Time       RAM-Hours
----------------------------------------------------------------------------------------
     DDBasic       81,95        2,18       63,21       77,99        1,80    -0,046485285
      DD_RSM       85,56        2,26       70,56       82,39       22,77    -0,588948347
    DD+FS_SM       86,00        2,16       71,46       82,93       25,05    -0,647964448
         RSM       78,89        1,64       56,98       74,26       41,00    -1,060672932
       FS_SM       77,06        1,63       53,26       72,03       44,86    -1,160515239
         ARF       88,32        2,01       76,19       85,75       65,00    -1,681554649
DATASET: data/SEA_G.arff
  Classifier    Accuracy    SD-Accu.     Kappa M     kappa T        Time       RAM-Hours
----------------------------------------------------------------------------------------
     DDBasic       81,96        2,02       62,86       77,28        1,56    -0,040421987
      DD_RSM       85,47        2,22       70,08       81,64       22,20    -0,574396432
    DD+FS_SM       84,63        1,84       68,35       80,59       26,11    -0,675451399
         RSM       78,92        1,59       56,60       73,45       40,88    -1,057439173
       FS_SM       77,11        1,55       52,88       71,17       44,83    -1,159706800
         ARF       88,01        2,00       75,30       84,78       64,94    -1,679937769
DATASET: data/LED_A.arff
  Classifier    Accuracy    SD-Accu.     Kappa M     kappa T        Time       RAM-Hours
----------------------------------------------------------------------------------------
     DDBasic       33,71        8,49       25,04       26,61        2,67    -0,069121597
      DD_RSM       65,16        7,25       60,59       61,43       59,45    -1,538056596
    DD+FS_SM       65,84        7,64       61,36       62,18       60,80    -1,572819504
         RSM       50,90        2,08       44,48       45,64       89,39    -2,312541862
       FS_SM       64,67        2,27       60,05       60,88      108,83    -2,815391377
         ARF       69,97        4,51       66,03       66,75       64,83    -1,677108230
DATASET: data/LED_G.arff
  Classifier    Accuracy    SD-Accu.     Kappa M     kappa T        Time       RAM-Hours
----------------------------------------------------------------------------------------
     DDBasic       33,38        8,08       24,59       26,26        2,47    -0,063866739
      DD_RSM       65,47        6,64       60,91       61,78       53,44    -1,382431947
    DD+FS_SM       66,49        7,22       62,07       62,92       54,50    -1,409918898
         RSM       50,09        2,91       43,52       44,75       83,11    -2,150045475
       FS_SM       63,42        3,72       58,59       59,51      109,00    -2,819837795
         ARF       69,36        4,70       65,31       66,08       64,83    -1,677108230
DATASET: data/weather.arff
  Classifier    Accuracy    SD-Accu.     Kappa M     kappa T        Time       RAM-Hours
----------------------------------------------------------------------------------------
     DDBasic       70,68        2,87        7,06        8,66        0,22    -0,005659078
      DD_RSM       75,54        1,87       22,00       23,67        5,30    -0,137030535
    DD+FS_SM       74,42        1,88       18,64       20,19        5,30    -0,137030535
         RSM       73,35        1,95       15,26       16,86        8,69    -0,224746246
       FS_SM       72,93        1,86       13,95       15,59        9,08    -0,234851743
         ARF       78,17        2,12       30,64       31,94       16,48    -0,426451960
DATASET: data/elecNormNew.arff
  Classifier    Accuracy    SD-Accu.     Kappa M     kappa T        Time       RAM-Hours
----------------------------------------------------------------------------------------
     DDBasic       80,33        4,38       52,46      -37,86        0,70    -0,018189894
      DD_RSM       86,36        2,51       66,68        4,06       19,42    -0,502445295
    DD+FS_SM       86,96        2,52       68,19        7,97       17,48    -0,452322032
         RSM       87,83        1,77       70,60       14,08       32,25    -0,834309806
       FS_SM       88,95        1,68       73,23       21,90       30,17    -0,780548564
         ARF       87,81        2,50       70,17       14,21       48,45    -1,253485809

AVERAGE RESULTS:
  Classifier    Accuracy
------------------------
         ARF       81,67
      DD_RSM       79,20
    DD+FS_SM       78,87
       FS_SM       74,95
         RSM       72,29
     DDBasic       64,60
