DATASET: data/SEAFD_A.arff
  Classifier    Accuracy    SD-Accu.     Kappa M     kappa T        Time       RAM-Hours
----------------------------------------------------------------------------------------
    DD_Hoeff       86,31        2,20       72,11       83,31        5,16    -0,013339256
 HoeffEnsmbl       86,88        2,63       73,28       84,01       34,61    -0,089534701
DD_HffEnsmbl       87,87        2,67       75,27       85,21       31,61    -0,081773679
      DD_RSM       79,02        3,05       57,31       74,45       19,39    -0,050163686
    DD+FS_SM       83,95        4,55       67,30       80,44       18,63    -0,048183008
         RSM       83,44        3,11       66,29       79,84       17,95    -0,046444863
       FS_SM       84,02        4,20       67,45       80,53       18,73    -0,048465962
         ARF       82,94        5,72       65,19       79,22       22,36    -0,057843863
DATASET: data/SEAFD_G.arff
  Classifier    Accuracy    SD-Accu.     Kappa M     kappa T        Time       RAM-Hours
----------------------------------------------------------------------------------------
    DD_Hoeff       86,59        2,22       72,50       83,07        3,61    -0,009337479
 HoeffEnsmbl       86,96        1,73       73,26       83,51       34,56    -0,089413435
DD_HffEnsmbl       87,62        1,90       74,60       84,31       35,09    -0,090787782
      DD_RSM       78,79        2,51       56,52       73,26       20,08    -0,051942253
    DD+FS_SM       84,21        3,31       67,61       80,04       19,25    -0,049799888
         RSM       84,45        2,77       68,10       80,37       18,55    -0,047980898
       FS_SM       86,42        1,81       72,16       82,83       16,61    -0,042968572
         ARF       81,85        4,57       62,77       76,89       22,31    -0,057722597
DATASET: data/SEA_A.arff
  Classifier    Accuracy    SD-Accu.     Kappa M     kappa T        Time       RAM-Hours
----------------------------------------------------------------------------------------
    DD_Hoeff       86,60        2,35       72,69       83,66        0,27    -0,000687174
 HoeffEnsmbl       86,13        2,70       71,72       83,09        2,91    -0,007518490
DD_HffEnsmbl       88,15        2,18       75,85       85,56        2,80    -0,007235536
      DD_RSM       87,31        2,91       74,13       84,53        2,28    -0,005901610
    DD+FS_SM       87,70        3,26       74,93       85,00        2,38    -0,006144142
         RSM       85,93        2,79       71,32       82,83        1,92    -0,004971904
       FS_SM       87,76        1,38       75,05       85,06        2,08    -0,005376124
         ARF       88,49        1,90       76,53       85,96        7,02    -0,018149472
DATASET: data/SEA_G.arff
  Classifier    Accuracy    SD-Accu.     Kappa M     kappa T        Time       RAM-Hours
----------------------------------------------------------------------------------------
    DD_Hoeff       86,46        2,18       72,12       82,87        0,34    -0,000889284
 HoeffEnsmbl       86,02        2,51       71,19       82,33        2,81    -0,007275958
DD_HffEnsmbl       87,93        1,89       75,14       84,68        2,73    -0,007073848
      DD_RSM       84,55        3,94       68,19       80,47        2,25    -0,005820766
    DD+FS_SM       86,59        2,64       72,36       83,02        2,52    -0,006507940
         RSM       85,86        2,50       70,88       82,10        1,95    -0,005052748
       FS_SM       87,46        1,56       74,17       84,12        2,14    -0,005537812
         ARF       88,12        1,93       75,52       84,92        6,91    -0,017866518
DATASET: data/elecNormNew.arff
  Classifier    Accuracy    SD-Accu.     Kappa M     kappa T        Time       RAM-Hours
----------------------------------------------------------------------------------------
    DD_Hoeff       84,91        3,39       63,38       -7,16        0,28    -0,000727596
 HoeffEnsmbl       85,66        4,08       64,85       -1,56        2,53    -0,006548362
DD_HffEnsmbl       88,39        2,71       71,61       18,20        3,13    -0,008084397
      DD_RSM       86,15        3,66       66,05        3,00        1,94    -0,005012326
    DD+FS_SM       84,46        3,61       62,45       -8,57        1,64    -0,004244309
         RSM       85,95        2,97       65,79        1,17        1,69    -0,004365575
       FS_SM       84,53        3,62       62,56       -7,85        1,45    -0,003759245
         ARF       88,31        2,64       71,34       17,48        4,81    -0,012449972

AVERAGE RESULTS:
  Classifier    Accuracy
------------------------
DD_HffEnsmbl       87,99
 HoeffEnsmbl       86,33
    DD_Hoeff       86,17
       FS_SM       86,04
         ARF       85,94
    DD+FS_SM       85,38
         RSM       85,12
      DD_RSM       83,16
