DATASET: data/SEAFD_A.arff
  Classifier    Accuracy    SD-Accu.     Kappa M     kappa T        Time       RAM-Hours
----------------------------------------------------------------------------------------
    DD_Hoeff       86,83        1,99       73,14       83,87        1,48    -0,003840089
 HoeffEnsmbl       87,29        2,37       74,09       84,44        8,91    -0,023040532
DD_HffEnsmbl       88,10        2,34       75,74       85,43        7,59    -0,019645086
      DD_RSM       83,51        3,91       66,38       79,82        5,05    -0,013056302
    DD+FS_SM       84,77        4,85       68,95       81,36        4,94    -0,012773348
         RSM       83,72        3,14       66,84       80,08        4,39    -0,011358578
       FS_SM       87,00        4,67       73,48       84,08        2,69    -0,006952582
         ARF       86,34        3,17       72,13       83,28        9,98    -0,025829650
DATASET: data/SEAFD_G.arff
  Classifier    Accuracy    SD-Accu.     Kappa M     kappa T        Time       RAM-Hours
----------------------------------------------------------------------------------------
    DD_Hoeff       87,20        1,46       73,70       83,78        0,86    -0,002223209
 HoeffEnsmbl       87,65        1,46       74,61       84,31        8,41    -0,021747029
DD_HffEnsmbl       88,00        1,47       75,34       84,75        8,48    -0,021949139
      DD_RSM       83,72        3,93       66,54       79,29        5,20    -0,013460522
    DD+FS_SM       85,37        2,73       69,91       81,33        4,80    -0,012409550
         RSM       84,51        2,84       68,16       80,41        4,33    -0,011196890
       FS_SM       87,03        2,05       73,33       83,45        2,66    -0,006871738
         ARF       85,92        2,34       71,04       82,05       10,11    -0,026153025
DATASET: data/SEA_A.arff
  Classifier    Accuracy    SD-Accu.     Kappa M     kappa T        Time       RAM-Hours
----------------------------------------------------------------------------------------
    DD_Hoeff       86,60        2,35       72,69       83,66        0,28    -0,000727596
 HoeffEnsmbl       86,13        2,70       71,72       83,09        2,59    -0,006710050
DD_HffEnsmbl       88,15        2,18       75,85       85,56        2,58    -0,006669628
      DD_RSM       85,70        2,29       70,85       82,57        2,23    -0,005780344
    DD+FS_SM       87,70        3,26       74,93       85,00        2,23    -0,005780344
         RSM       86,32        2,19       72,10       83,31        1,88    -0,004850638
       FS_SM       87,76        1,38       75,05       85,06        2,06    -0,005335702
         ARF       88,49        1,90       76,53       85,96        6,66    -0,017219766
DATASET: data/SEA_G.arff
  Classifier    Accuracy    SD-Accu.     Kappa M     kappa T        Time       RAM-Hours
----------------------------------------------------------------------------------------
    DD_Hoeff       86,46        2,18       72,12       82,87        0,31    -0,000808440
 HoeffEnsmbl       86,02        2,51       71,19       82,33        2,55    -0,006588784
DD_HffEnsmbl       87,93        1,89       75,14       84,68        2,66    -0,006871738
      DD_RSM       86,08        2,20       71,32       82,39        2,34    -0,006063298
    DD+FS_SM       86,59        2,64       72,36       83,02        2,55    -0,006588784
         RSM       86,52        1,91       72,26       82,94        1,92    -0,004971904
       FS_SM       87,46        1,56       74,17       84,12        2,06    -0,005335702
         ARF       88,12        1,93       75,52       84,92        6,67    -0,017260188
DATASET: data/elecNormNew.arff
  Classifier    Accuracy    SD-Accu.     Kappa M     kappa T        Time       RAM-Hours
----------------------------------------------------------------------------------------
    DD_Hoeff       84,91        3,39       63,38       -7,16        0,28    -0,000727596
 HoeffEnsmbl       85,66        4,08       64,85       -1,56        2,44    -0,006305830
DD_HffEnsmbl       88,39        2,71       71,61       18,20        3,11    -0,008043975
      DD_RSM       84,90        3,96       63,14       -4,71        1,97    -0,005093170
    DD+FS_SM       84,46        3,61       62,45       -8,57        1,63    -0,004203887
         RSM       85,19        4,43       63,75       -2,86        1,72    -0,004446419
       FS_SM       84,53        3,62       62,56       -7,85        1,47    -0,003799667
         ARF       88,31        2,64       71,34       17,48        4,75    -0,012288284

AVERAGE RESULTS:
  Classifier    Accuracy
------------------------
DD_HffEnsmbl       88,12
         ARF       87,44
       FS_SM       86,75
 HoeffEnsmbl       86,55
    DD_Hoeff       86,40
    DD+FS_SM       85,78
         RSM       85,25
      DD_RSM       84,78
