DATASET: data/SEAFD_A.arff
  Classifier    Accuracy    SD-Accu.     Kappa M     kappa T        Time       RAM-Hours
----------------------------------------------------------------------------------------
    DDRandSM       84,28        3,45       67,94       80,75       49,39    -1,277739001
  DDSubSpace       80,87        6,00       61,00       76,59       37,67    -0,974574100
   RSubSpace       84,83        2,05       69,08       81,43       37,42    -0,968106583
    SubSpace       86,77        5,15       73,02       83,81       19,91    -0,514976111
  Persistent       24,57        1,30      -53,75        7,77        0,67    -0,017381454
         DWM       84,50        1,45       68,39       81,02       92,06    -2,381663459
         ARF       85,97        3,57       71,37       82,83       87,72    -2,269290336
DATASET: data/SEAFD_G.arff
  Classifier    Accuracy    SD-Accu.     Kappa M     kappa T        Time       RAM-Hours
----------------------------------------------------------------------------------------
    DDRandSM       84,26        2,25       67,64       79,97       48,17    -1,246209851
  DDSubSpace       84,07        3,10       67,25       79,68       37,52    -0,970531902
   RSubSpace       85,14        1,66       69,46       81,14       38,86    -1,005294810
    SubSpace       86,77        2,33       72,79       83,09       21,89    -0,566312034
  Persistent       26,22        3,42      -51,58        7,02        0,73    -0,018998334
         DWM       83,61        2,05       66,32       79,20       99,23    -2,567200378
         ARF       85,74        2,42       70,67       81,81       96,98    -2,508992717
DATASET: data/SEA_A.arff
  Classifier    Accuracy    SD-Accu.     Kappa M     kappa T        Time       RAM-Hours
----------------------------------------------------------------------------------------
    DDRandSM       84,83        2,55       69,07       81,50       23,94    -0,619264837
  DDSubSpace       87,08        2,57       73,67       84,25       24,45    -0,632604093
   RSubSpace       85,85        1,62       71,15       82,74       18,39    -0,475766784
    SubSpace       87,69        1,32       74,90       84,98       19,61    -0,507295934
  Persistent       24,31        1,32      -54,24        7,81        0,39    -0,010105497
         DWM       86,05        1,35       71,57       82,99       32,36    -0,837139345
         ARF       88,32        2,01       76,19       85,75       68,75    -1,778567417
DATASET: data/SEA_G.arff
  Classifier    Accuracy    SD-Accu.     Kappa M     kappa T        Time       RAM-Hours
----------------------------------------------------------------------------------------
    DDRandSM       85,65        2,21       70,43       81,85       23,70    -0,613201539
  DDSubSpace       87,06        2,39       73,34       83,60       24,22    -0,626540795
   RSubSpace       85,81        1,63       70,79       82,05       18,59    -0,481021642
    SubSpace       87,36        1,54       73,98       83,99       20,36    -0,526698487
  Persistent       25,96        3,41      -52,42        7,06        0,34    -0,008892837
         DWM       85,96        1,49       71,09       82,25       30,38    -0,785803422
         ARF       88,01        2,00       75,30       84,78       68,27    -1,766036601
DATASET: data/AGR_A.arff
  Classifier    Accuracy    SD-Accu.     Kappa M     kappa T        Time       RAM-Hours
----------------------------------------------------------------------------------------
    DDRandSM       74,74       12,71    -1156,50       74,74       45,70    -1,182343112
  DDSubSpace       81,52       11,27    -1084,04       81,52       43,83    -1,133836728
   RSubSpace       81,87        9,62     -869,37       81,87       46,00    -1,190023290
    SubSpace       84,18       11,70    -1027,35       84,17       29,22    -0,755891152
  Persistent       10,00        0,01    -2323,90       10,00        0,38    -0,009701277
         DWM       72,93       11,78     -990,89       72,93       41,20    -1,065927790
         ARF       77,34        8,41    -1124,99       77,34      166,83    -4,315855525
DATASET: data/AGR_G.arff
  Classifier    Accuracy    SD-Accu.     Kappa M     kappa T        Time       RAM-Hours
----------------------------------------------------------------------------------------
    DDRandSM       77,52       10,50       37,57       76,16       45,45    -1,175875594
  DDSubSpace       80,28       10,46       45,36       79,02       45,94    -1,188406410
   RSubSpace       81,03        9,29       48,43       79,71       49,77    -1,287440278
    SubSpace       82,42       11,48       52,43       81,13       34,05    -0,880795091
  Persistent       12,60        4,94     -130,36        9,10        0,38    -0,009701277
         DWM       71,97       11,79       22,84       70,41       39,33    -1,017421406
         ARF       75,02        7,77       33,35       73,54      166,48    -4,306962688
DATASET: data/HYPER.arff
  Classifier    Accuracy    SD-Accu.     Kappa M     kappa T        Time       RAM-Hours
----------------------------------------------------------------------------------------
    DDRandSM       80,66        1,76       60,08       61,18       43,36    -1,121710132
  DDSubSpace       83,70        2,20       66,34       67,27       57,08    -1,476615176
   RSubSpace       82,21        1,43       63,28       64,29       41,89    -1,083713465
    SubSpace       85,12        2,02       69,27       70,11       59,06    -1,527951099
  Persistent       50,13        1,32       -2,94       -0,05        0,70    -0,018189894
         DWM       90,04        1,40       79,42       80,00       41,38    -1,070374209
         ARF       82,26        2,17       63,36       64,37      108,06    -2,795584603
DATASET: data/RBF_M.arff
  Classifier    Accuracy    SD-Accu.     Kappa M     kappa T        Time       RAM-Hours
----------------------------------------------------------------------------------------
    DDRandSM       67,22        4,79       53,05       57,60       68,83    -1,780588516
  DDSubSpace       72,03        6,08       59,95       63,83       70,58    -1,825861141
   RSubSpace       68,82        6,47       55,36       59,68       53,92    -1,394962763
    SubSpace       74,66        9,06       63,72       67,24       83,56    -2,161767851
  Persistent       22,67        1,20      -10,70        0,01        0,72    -0,018594114
         DWM       56,62        4,72       37,89       43,91      158,67    -4,104852754
         ARF       80,67        5,88       72,32       75,01      102,91    -2,662192047
DATASET: data/RBF_F.arff
  Classifier    Accuracy    SD-Accu.     Kappa M     kappa T        Time       RAM-Hours
----------------------------------------------------------------------------------------
    DDRandSM       43,32        4,17       18,85       26,67       63,75    -1,649217059
  DDSubSpace       50,51        3,72       29,15       35,98       80,09    -2,072031041
   RSubSpace       53,15        4,08       32,93       39,39       49,42    -1,278547441
    SubSpace       59,06        4,79       41,37       47,05       82,45    -2,133068241
  Persistent       22,67        1,20      -10,70        0,01        0,77    -0,019806774
         DWM       53,56        3,91       33,51       39,91       87,03    -2,251504662
         ARF       65,38        3,85       50,41       55,22      109,77    -2,839644569
DATASET: data/LED_A.arff
  Classifier    Accuracy    SD-Accu.     Kappa M     kappa T        Time       RAM-Hours
----------------------------------------------------------------------------------------
    DDRandSM       64,34        7,72       59,67       60,53       68,59    -1,774525218
  DDSubSpace       65,99        7,78       61,53       62,35       77,27    -1,998867245
   RSubSpace       70,29        3,49       66,40       67,11       56,50    -1,461659041
    SubSpace       73,00        3,24       69,47       70,10       85,42    -2,209870015
  Persistent        9,70        0,72       -2,11        0,04        0,63    -0,016168795
         DWM       73,31        1,98       69,81       70,44      285,30    -7,380650560
         ARF       69,97        4,51       66,03       66,75       79,50    -2,056670686
DATASET: data/LED_G.arff
  Classifier    Accuracy    SD-Accu.     Kappa M     kappa T        Time       RAM-Hours
----------------------------------------------------------------------------------------
    DDRandSM       64,32        6,94       59,61       60,51       73,83    -1,909938874
  DDSubSpace       66,33        6,84       61,89       62,74       82,67    -2,138727319
   RSubSpace       69,58        3,82       65,57       66,33       57,02    -1,474998296
    SubSpace       72,48        3,24       68,85       69,54       86,14    -2,228464129
  Persistent        9,68        0,83       -2,22        0,04        0,64    -0,016573015
         DWM       72,59        2,90       68,97       69,65      279,80    -7,238365167
         ARF       69,36        4,70       65,31       66,08       81,19    -2,100326431
DATASET: data/weather.arff
  Classifier    Accuracy    SD-Accu.     Kappa M     kappa T        Time       RAM-Hours
----------------------------------------------------------------------------------------
    DDRandSM       75,96        2,28       23,43       25,01        6,09    -0,157645748
  DDSubSpace       76,29        2,23       24,49       26,02        6,09    -0,157645748
   RSubSpace       76,03        2,17       23,62       25,24        5,45    -0,141072734
    SubSpace       76,16        2,27       24,05       25,61        5,50    -0,142285393
  Persistent       67,19        2,03       -4,40       -2,28        0,05    -0,001212660
         DWM       70,29        2,30        5,10        7,09        5,56    -0,143902273
         ARF       78,17        2,12       30,64       31,94       17,11    -0,442620755
DATASET: data/elecNormNew.arff
  Classifier    Accuracy    SD-Accu.     Kappa M     kappa T        Time       RAM-Hours
----------------------------------------------------------------------------------------
    DDRandSM       83,89        3,40       60,69      -12,41       18,92    -0,489510259
  DDSubSpace       83,75        3,36       60,61      -13,54       16,28    -0,421197102
   RSubSpace       85,29        3,29       64,07       -2,75       17,08    -0,441812315
    SubSpace       84,04        3,40       61,39      -11,40       14,91    -0,385625754
  Persistent       84,79        2,42       62,94       -4,01        0,14    -0,003637979
         DWM       78,94        5,49       49,08      -50,15       11,13    -0,287804546
         ARF       87,81        2,50       70,17       14,21       47,77    -1,235700135

AVERAGE RESULTS:
  Classifier    Accuracy
------------------------
    SubSpace       79,98
         ARF       79,54
   RSubSpace       77,69
  DDSubSpace       76,88
         DWM       75,41
    DDRandSM       74,69
  Persistent       30,04
