DATASET: data/SEAFD_A.arff
  Classifier    Accuracy    SD-Accu.     Kappa M     kappa T        Time       RAM-Hours
----------------------------------------------------------------------------------------
    DDRandSM       84,45        3,03       68,29       80,96       54,03    -1,397792302
  DDSubSpace       95,23        2,77       90,26       94,17       35,92    -0,929301475
   RSubSpace       79,62        1,71       58,45       75,05       87,89    -2,273736754
    SubSpace       88,34        1,27       76,23       85,74       52,94    -1,369496911
  Persistent       24,57        1,30      -53,75        7,77        0,72    -0,018594114
         DWM       84,50        1,45       68,39       81,02      101,80    -2,633492436
         ARF       85,97        3,57       71,37       82,83       96,41    -2,494036582
DATASET: data/SEAFD_G.arff
  Classifier    Accuracy    SD-Accu.     Kappa M     kappa T        Time       RAM-Hours
----------------------------------------------------------------------------------------
    DDRandSM       85,47        1,72       70,14       81,54       51,64    -1,335946662
  DDSubSpace       93,46        1,81       86,54       91,70       36,22    -0,936981653
   RSubSpace       78,83        1,93       56,48       73,14       86,61    -2,240590725
    SubSpace       89,35        2,58       78,12       86,73       51,17    -1,323820066
  Persistent       26,22        3,42      -51,58        7,02        0,75    -0,019402554
         DWM       83,61        2,05       66,32       79,20      100,55    -2,601154847
         ARF       85,74        2,42       70,67       81,81       98,36    -2,544564066
DATASET: data/SEA_A.arff
  Classifier    Accuracy    SD-Accu.     Kappa M     kappa T        Time       RAM-Hours
----------------------------------------------------------------------------------------
    DDRandSM       85,22        2,21       69,87       81,98       23,06    -0,596628524
  DDSubSpace       94,90        3,12       89,60       93,79       22,16    -0,573183772
   RSubSpace       78,86        1,62       56,92       74,22       45,48    -1,176684034
    SubSpace       95,31        1,47       90,45       94,30       42,58    -1,101499139
  Persistent       24,31        1,32      -54,24        7,81        0,31    -0,008084397
         DWM       86,05        1,35       71,57       82,99       33,16    -0,857754559
         ARF       88,32        2,01       76,19       85,75       70,13    -1,814138765
DATASET: data/SEA_G.arff
  Classifier    Accuracy    SD-Accu.     Kappa M     kappa T        Time       RAM-Hours
----------------------------------------------------------------------------------------
    DDRandSM       85,44        2,18       70,01       81,59       22,92    -0,592990546
  DDSubSpace       95,39        3,50       90,51       94,18       21,45    -0,554993878
   RSubSpace       78,93        1,55       56,62       73,46       44,20    -1,143538005
    SubSpace       95,31        1,53       90,36       94,10       42,48    -1,099073820
  Persistent       25,96        3,41      -52,42        7,06        0,28    -0,007275958
         DWM       85,96        1,49       71,09       82,25       30,58    -0,791058281
         ARF       88,01        2,00       75,30       84,78       70,02    -1,811309226
DATASET: data/AGR_A.arff
  Classifier    Accuracy    SD-Accu.     Kappa M     kappa T        Time       RAM-Hours
----------------------------------------------------------------------------------------
    DDRandSM       78,56       11,09    -1124,38       78,56       45,61    -1,179917793
  DDSubSpace       79,03       11,49    -1113,53       79,03       38,50    -0,995997753
   RSubSpace       60,75        7,47    -1112,54       60,75      146,72    -3,795624555
    SubSpace       58,81        9,15    -1194,34       58,81       71,98    -1,862240929
  Persistent       10,00        0,01    -2323,90       10,00        0,36    -0,009297057
         DWM       72,93       11,78     -990,89       72,93       37,17    -0,961639065
         ARF       77,34        8,41    -1124,99       77,34      162,13    -4,194185345
DATASET: data/AGR_G.arff
  Classifier    Accuracy    SD-Accu.     Kappa M     kappa T        Time       RAM-Hours
----------------------------------------------------------------------------------------
    DDRandSM       77,08       10,14       36,65       75,69       44,20    -1,143538005
  DDSubSpace       74,08       11,50       28,87       72,61       34,36    -0,888879489
   RSubSpace       59,96        7,58       -7,95       57,89      148,81    -3,849790018
    SubSpace       57,55        8,87      -14,54       55,33       74,20    -1,919640151
  Persistent       12,60        4,94     -130,36        9,10        0,42    -0,010913936
         DWM       71,97       11,79       22,84       70,41       37,83    -0,978616299
         ARF       75,02        7,77       33,35       73,54      165,44    -4,279879957
DATASET: data/HYPER.arff
  Classifier    Accuracy    SD-Accu.     Kappa M     kappa T        Time       RAM-Hours
----------------------------------------------------------------------------------------
    DDRandSM       81,73        1,57       62,26       63,31       42,83    -1,107966657
  DDSubSpace       95,63        2,11       90,96       91,20       29,19    -0,755082712
   RSubSpace       75,96        1,34       50,37       51,73       67,73    -1,752293125
    SubSpace       94,48        1,62       88,61       88,94       46,89    -1,213063822
  Persistent       50,13        1,32       -2,94       -0,05        0,66    -0,016977234
         DWM       90,04        1,40       79,42       80,00       40,31    -1,042887258
         ARF       82,26        2,17       63,36       64,37      106,03    -2,743036021
DATASET: data/RBF_M.arff
  Classifier    Accuracy    SD-Accu.     Kappa M     kappa T        Time       RAM-Hours
----------------------------------------------------------------------------------------
    DDRandSM       68,69        5,40       55,16       59,51       67,86    -1,755526884
  DDSubSpace       76,27        2,93       66,01       69,30       47,64    -1,232466376
   RSubSpace       45,50        3,71       21,95       29,50       81,64    -2,112048807
    SubSpace       74,10        5,11       62,94       66,51       55,31    -1,430938331
  Persistent       22,67        1,20      -10,70        0,01        0,70    -0,018189894
         DWM       56,62        4,72       37,89       43,91      157,19    -4,066451867
         ARF       80,67        5,88       72,32       75,01      102,03    -2,639555734
DATASET: data/RBF_F.arff
  Classifier    Accuracy    SD-Accu.     Kappa M     kappa T        Time       RAM-Hours
----------------------------------------------------------------------------------------
    DDRandSM       49,31        3,34       27,43       34,44       65,08    -1,683575748
  DDSubSpace       92,31       11,50       88,99       90,07       32,91    -0,851287041
   RSubSpace       46,87        2,99       23,93       31,28       81,03    -2,096284233
    SubSpace       72,66        4,83       60,89       64,64       54,94    -1,421237054
  Persistent       22,67        1,20      -10,70        0,01        0,73    -0,018998334
         DWM       53,56        3,91       33,51       39,91       85,28    -2,206232037
         ARF       65,38        3,85       50,41       55,22      108,78    -2,814178717
DATASET: data/LED_A.arff
  Classifier    Accuracy    SD-Accu.     Kappa M     kappa T        Time       RAM-Hours
----------------------------------------------------------------------------------------
    DDRandSM       64,88        7,81       60,27       61,12       54,64    -1,413556876
  DDSubSpace       65,84        7,64       61,36       62,18       56,06    -1,450340884
   RSubSpace       50,77        2,04       44,33       45,49      103,08    -2,666638466
    SubSpace       64,67        2,27       60,05       60,88      129,67    -3,354620680
  Persistent        9,70        0,72       -2,11        0,04        0,64    -0,016573015
         DWM       73,31        1,98       69,81       70,44      238,66    -6,174054256
         ARF       69,97        4,51       66,03       66,75       67,73    -1,752293125
DATASET: data/LED_G.arff
  Classifier    Accuracy    SD-Accu.     Kappa M     kappa T        Time       RAM-Hours
----------------------------------------------------------------------------------------
    DDRandSM       64,62        6,87       59,95       60,84       54,44    -1,408302018
  DDSubSpace       66,49        7,22       62,07       62,92       56,45    -1,460446381
   RSubSpace       49,97        2,79       43,38       44,62      102,77    -2,658554068
    SubSpace       63,42        3,72       58,59       59,51      131,70    -3,407169263
  Persistent        9,68        0,83       -2,22        0,04        0,64    -0,016573015
         DWM       72,59        2,90       68,97       69,65      222,59    -5,758516232
         ARF       69,36        4,70       65,31       66,08       69,13    -1,788268694
DATASET: data/weather.arff
  Classifier    Accuracy    SD-Accu.     Kappa M     kappa T        Time       RAM-Hours
----------------------------------------------------------------------------------------
    DDRandSM       75,69        1,92       22,59       24,17        6,22    -0,160879507
  DDSubSpace       95,13        6,40       83,84       84,73        4,41    -0,113990003
   RSubSpace       73,41        1,99       15,44       17,02       10,31    -0,266785113
    SubSpace       96,42        1,71       88,78       88,76        7,84    -0,202918373
  Persistent       67,19        2,03       -4,40       -2,28        0,05    -0,001212660
         DWM       70,29        2,30        5,10        7,09        5,53    -0,143093833
         ARF       78,17        2,12       30,64       31,94       16,84    -0,435749017
DATASET: data/elecNormNew.arff
  Classifier    Accuracy    SD-Accu.     Kappa M     kappa T        Time       RAM-Hours
----------------------------------------------------------------------------------------
    DDRandSM       86,34        2,50       66,64        3,95       20,16    -0,521443629
  DDSubSpace       97,38        3,31       93,77       82,47       10,97    -0,283762347
   RSubSpace       87,84        1,74       70,58       14,21       33,36    -0,863009417
    SubSpace       97,07        1,12       92,93       79,97       19,42    -0,502445295
  Persistent       84,79        2,42       62,94       -4,01        0,14    -0,003637979
         DWM       78,94        5,49       49,08      -50,15       10,88    -0,281337028
         ARF       87,81        2,50       70,17       14,21       48,23    -1,247826731

AVERAGE RESULTS:
  Classifier    Accuracy
------------------------
  DDSubSpace       86,24
    SubSpace       80,58
         ARF       79,54
    DDRandSM       75,96
         DWM       75,41
   RSubSpace       66,71
  Persistent       30,04
