DATASET: data/SEAFD_A.arff
  Classifier    Accuracy    SD-Accu.     Kappa M     kappa T        Time       RAM-Hours
----------------------------------------------------------------------------------------
    DDRandSM       85,80        3,83       71,05       82,61        6,17    -0,015966685
  DDSubSpace       99,33        2,66       98,58       99,18        2,33    -0,006022876
   RSubSpace       79,98        1,84       59,18       75,49        9,19    -0,023768128
    SubSpace       86,96        1,80       73,43       84,06        6,02    -0,015562465
  Persistent       18,21        1,60      -66,71        0,00        0,50    -0,001293504
         DWM       84,25        3,49       67,90       80,72       12,19    -0,031529150
         ARF       86,34        3,17       72,13       83,28        9,38    -0,024253192
DATASET: data/SEAFD_G.arff
  Classifier    Accuracy    SD-Accu.     Kappa M     kappa T        Time       RAM-Hours
----------------------------------------------------------------------------------------
    DDRandSM       83,55        4,05       66,19       79,05        4,97    -0,012854192
  DDSubSpace       99,33        2,66       98,58       99,18        2,13    -0,005497390
   RSubSpace       79,03        2,12       56,91       73,40        9,14    -0,023646862
    SubSpace       88,60        3,26       76,60       85,82        5,61    -0,014511493
  Persistent       20,57        4,78      -63,17        0,00        0,56    -0,001455192
         DWM       83,61        2,27       66,30       79,18       11,05    -0,028578345
         ARF       85,92        2,34       71,04       82,05        9,50    -0,024576568
DATASET: data/SEA_A.arff
  Classifier    Accuracy    SD-Accu.     Kappa M     kappa T        Time       RAM-Hours
----------------------------------------------------------------------------------------
    DDRandSM       86,26        2,70       71,99       83,24        2,03    -0,005254858
  DDSubSpace       99,32        2,52       98,62       99,18        1,58    -0,004082621
   RSubSpace       79,18        1,86       57,58       74,61        4,52    -0,011681954
    SubSpace       94,31        2,10       88,41       93,08        4,38    -0,011318156
  Persistent       17,90        1,61      -67,31        0,00        0,16    -0,000404220
         DWM       84,76        1,76       68,93       81,41        8,34    -0,021585341
         ARF       88,49        1,90       76,53       85,96        6,39    -0,016532593
DATASET: data/SEA_G.arff
  Classifier    Accuracy    SD-Accu.     Kappa M     kappa T        Time       RAM-Hours
----------------------------------------------------------------------------------------
    DDRandSM       86,26        2,34       71,69       82,61        1,95    -0,005052748
  DDSubSpace       99,34        2,52       98,65       99,19        1,55    -0,004001777
   RSubSpace       79,25        1,70       57,28       73,84        4,59    -0,011884064
    SubSpace       94,32        2,04       88,31       92,87        4,48    -0,011601110
  Persistent       20,25        4,78      -64,16        0,00        0,14    -0,000363798
         DWM       86,03        1,54       71,23       82,34        3,30    -0,008529039
         ARF       88,12        1,93       75,52       84,92        6,44    -0,016653859
DATASET: data/AGR_A.arff
  Classifier    Accuracy    SD-Accu.     Kappa M     kappa T        Time       RAM-Hours
----------------------------------------------------------------------------------------
    DDRandSM       77,94       12,28   -Infinity       77,94        4,86    -0,012571238
  DDSubSpace       72,69       14,85   -Infinity       72,69        2,73    -0,007073848
   RSubSpace       61,03        7,34   -Infinity       61,03       15,06    -0,038966795
    SubSpace       58,72        9,27   -Infinity       58,72        7,55    -0,019523820
  Persistent        0,00        0,02   -Infinity        0,00        0,20    -0,000525486
         DWM       73,01       12,17   -Infinity       73,01        3,28    -0,008488617
         ARF       79,76        9,47   -Infinity       79,76       15,97    -0,041311270
DATASET: data/AGR_G.arff
  Classifier    Accuracy    SD-Accu.     Kappa M     kappa T        Time       RAM-Hours
----------------------------------------------------------------------------------------
    DDRandSM       75,12       11,17   -Infinity       73,68        4,52    -0,011681954
  DDSubSpace       73,23       14,18   -Infinity       71,62        2,48    -0,006427096
   RSubSpace       60,22        7,55   -Infinity       58,15       14,64    -0,037875402
    SubSpace       57,36        8,99   -Infinity       55,14        7,45    -0,019281288
  Persistent        3,72        7,05   -Infinity        0,00        0,20    -0,000525486
         DWM       72,00       12,02   -Infinity       70,41        3,19    -0,008246085
         ARF       77,03       10,02   -Infinity       75,57       15,95    -0,041270848
DATASET: data/HYPER.arff
  Classifier    Accuracy    SD-Accu.     Kappa M     kappa T        Time       RAM-Hours
----------------------------------------------------------------------------------------
    DDRandSM       81,32        2,83       61,44       62,52        4,33    -0,011196890
  DDSubSpace       95,37        1,95       90,44       90,69        3,61    -0,009337479
   RSubSpace       75,96        1,50       50,38       51,74        6,81    -0,017623986
    SubSpace       94,64        2,45       88,94       89,25        5,03    -0,013015880
  Persistent       50,15        1,46       -2,90        0,00        0,42    -0,001091394
         DWM       90,21        1,50       79,79       80,34        4,61    -0,011924486
         ARF       82,50        2,24       63,86       64,85       10,44    -0,027001887
DATASET: data/RBF_M.arff
  Classifier    Accuracy    SD-Accu.     Kappa M     kappa T        Time       RAM-Hours
----------------------------------------------------------------------------------------
    DDRandSM       73,26        6,57       61,70       65,41        6,75    -0,017462298
  DDSubSpace       79,34        3,74       70,40       73,27        4,70    -0,012167018
   RSubSpace       45,17        3,84       21,50       29,09        8,09    -0,020938589
    SubSpace       73,72        7,33       62,39       66,01        5,75    -0,014875291
  Persistent       22,66        1,30      -10,72        0,00        0,45    -0,001172238
         DWM       56,63        4,75       37,90       43,91       15,39    -0,039815657
         ARF       80,98        5,77       72,76       75,41        9,84    -0,025465852
DATASET: data/RBF_F.arff
  Classifier    Accuracy    SD-Accu.     Kappa M     kappa T        Time       RAM-Hours
----------------------------------------------------------------------------------------
    DDRandSM       50,06        5,68       28,49       35,40        6,27    -0,016209217
  DDSubSpace       99,33        4,54       99,03       99,14        3,02    -0,007801443
   RSubSpace       46,77        3,21       23,79       31,14        8,16    -0,021100277
    SubSpace       73,41        6,54       61,94       65,59        5,77    -0,014915713
  Persistent       22,66        1,30      -10,72        0,00        0,44    -0,001131816
         DWM       53,89        4,46       33,98       40,35        9,02    -0,023323486
         ARF       66,81        4,38       52,47       57,07       10,55    -0,027284841
DATASET: data/LED_A.arff
  Classifier    Accuracy    SD-Accu.     Kappa M     kappa T        Time       RAM-Hours
----------------------------------------------------------------------------------------
    DDRandSM       60,77        8,55       55,63       56,57        4,41    -0,011399000
  DDSubSpace       65,17        8,69       60,60       61,45        4,44    -0,011479844
   RSubSpace       51,01        2,98       44,60       45,75        9,14    -0,023646862
    SubSpace       64,78        3,31       60,17       61,01       12,25    -0,031690838
  Persistent        9,67        0,76       -2,15        0,00        0,23    -0,000606330
         DWM       73,24        2,01       69,74       70,37       15,30    -0,039573125
         ARF       70,28        5,33       66,38       67,09        6,13    -0,015845419
DATASET: data/LED_G.arff
  Classifier    Accuracy    SD-Accu.     Kappa M     kappa T        Time       RAM-Hours
----------------------------------------------------------------------------------------
    DDRandSM       62,74        7,27       57,82       58,76        4,33    -0,011196890
  DDSubSpace       64,66        7,68       59,99       60,89        4,39    -0,011358578
   RSubSpace       49,84        3,64       43,24       44,48        9,14    -0,023646862
    SubSpace       63,90        3,88       59,15       60,05       11,83    -0,030599444
  Persistent        9,64        0,90       -2,26        0,00        0,22    -0,000565908
         DWM       72,57        2,89       68,96       69,64       14,78    -0,038239199
         ARF       68,98        4,83       64,89       65,67        5,98    -0,015481621
DATASET: data/weather.arff
  Classifier    Accuracy    SD-Accu.     Kappa M     kappa T        Time       RAM-Hours
----------------------------------------------------------------------------------------
    DDRandSM       75,61        1,94       22,22       23,92        0,56    -0,001455192
  DDSubSpace       97,33        6,01       90,93       91,52        0,38    -0,000970128
   RSubSpace       73,77        1,86       16,54       18,19        0,98    -0,002546585
    SubSpace       96,44        1,67       88,96       88,95        0,78    -0,002021099
  Persistent       67,92        1,98       -2,10        0,00        0,03    -0,000080844
         DWM       69,82        2,86        3,55        5,58        0,64    -0,001657301
         ARF       78,33        1,93       31,20       32,48        1,56    -0,004042199
DATASET: data/elecNormNew.arff
  Classifier    Accuracy    SD-Accu.     Kappa M     kappa T        Time       RAM-Hours
----------------------------------------------------------------------------------------
    DDRandSM       87,57        3,01       69,63       12,43        1,80    -0,004648528
  DDSubSpace       95,48        3,70       89,26       69,26        1,02    -0,002627429
   RSubSpace       88,28        1,88       71,60       17,66        3,17    -0,008205663
    SubSpace       97,55        0,87       94,05       83,45        1,95    -0,005052748
  Persistent       85,37        2,42       64,32        0,00        0,06    -0,000161688
         DWM       79,60        4,98       50,74      -45,30        0,91    -0,002344475
         ARF       88,31        2,64       71,34       17,48        4,48    -0,011601110

AVERAGE RESULTS:
  Classifier    Accuracy
------------------------
  DDSubSpace       87,69
    SubSpace       80,36
         ARF       80,14
    DDRandSM       75,87
         DWM       75,35
   RSubSpace       66,89
  Persistent       26,83
